5.78,-19.38,0.00
5.85,-19.40,0.00
5.92,-19.41,0.00
5.98,-19.42,0.00
6.05,-19.42,0.00
6.11,-19.43,0.00
6.18,-19.44,0.00
6.25,-19.45,0.00
6.31,-19.46,0.00
6.38,-19.47,0.00
6.45,-19.48,0.00
6.51,-19.49,0.00
6.58,-19.51,0.00
6.64,-19.52,0.00
6.71,-19.53,0.00
6.77,-19.54,0.00
6.84,-19.55,0.00
6.91,-19.56,0.00
6.97,-19.58,0.00
7.04,-19.59,0.00
7.10,-19.60,0.00
7.17,-19.62,0.00
7.23,-19.63,0.00
7.30,-19.64,0.00
7.37,-19.65,0.00
7.43,-19.66,0.00
7.50,-19.67,0.00
7.56,-19.68,0.00
7.63,-19.69,0.00
7.70,-19.70,0.00
7.76,-19.71,0.00
7.83,-19.73,0.00
7.89,-19.74,0.00
7.96,-19.75,0.00
8.03,-19.76,0.00
8.09,-19.77,0.00
8.16,-19.78,0.00
8.22,-19.79,0.00
8.29,-19.80,0.00
8.35,-19.81,0.00
8.42,-19.82,0.00
8.49,-19.83,0.00
8.55,-19.84,0.00
8.62,-19.85,0.00
8.69,-19.85,0.00
8.75,-19.86,0.00
8.82,-19.86,0.00
8.89,-19.86,0.00
8.95,-19.87,0.00
9.02,-19.87,0.00
9.09,-19.87,0.00
9.15,-19.87,0.00
9.22,-19.86,0.00
9.29,-19.86,0.00
9.35,-19.86,0.00
9.42,-19.85,0.00
9.49,-19.84,0.00
9.55,-19.83,0.00
9.62,-19.82,0.00
9.69,-19.81,0.00
9.75,-19.80,0.00
9.82,-19.78,0.00
9.88,-19.77,0.00
9.95,-19.75,0.00
10.01,-19.74,0.00
10.07,-19.72,0.00
10.14,-19.70,0.00
10.20,-19.69,0.00
10.27,-19.67,0.00
10.33,-19.65,0.00
10.40,-19.64,0.00
10.47,-19.63,0.00
10.53,-19.62,0.00
10.60,-19.60,0.00
10.66,-19.59,0.00
10.73,-19.58,0.00
10.79,-19.57,0.00
10.86,-19.55,0.00
10.92,-19.54,0.00
10.99,-19.52,0.00
11.05,-19.51,0.00
11.12,-19.50,0.00
11.19,-19.48,0.00
11.25,-19.47,0.00
11.32,-19.47,0.00
11.38,-19.46,0.00
11.45,-19.45,0.00
11.52,-19.45,0.00
11.58,-19.44,0.00
11.65,-19.44,0.00
11.72,-19.43,0.00
11.78,-19.42,0.00
11.85,-19.41,0.00
11.92,-19.40,0.00
11.98,-19.38,0.00
12.05,-19.37,0.00
12.11,-19.35,0.00
12.17,-19.33,0.00
12.24,-19.30,0.00
12.30,-19.28,0.00
12.36,-19.26,0.00
12.42,-19.24,0.00
12.49,-19.21,0.00
12.55,-19.19,0.00
12.61,-19.17,0.00
12.68,-19.15,0.00
12.74,-19.13,0.00
12.80,-19.11,0.00
12.87,-19.08,0.00
12.93,-19.06,0.00
12.99,-19.04,0.00
13.05,-19.01,0.00
13.12,-18.99,0.00
13.18,-18.96,0.00
13.24,-18.94,0.00
13.30,-18.91,0.00
13.36,-18.89,0.00
13.42,-18.86,0.00
13.49,-18.83,0.00
13.55,-18.81,0.00
13.61,-18.79,0.00
13.67,-18.76,0.00
13.74,-18.74,0.00
13.80,-18.72,0.00
13.87,-18.71,0.00
13.93,-18.69,0.00
14.00,-18.67,0.00
14.06,-18.65,0.00
14.12,-18.63,0.00
14.19,-18.61,0.00
14.25,-18.59,0.00
14.31,-18.57,0.00
14.38,-18.55,0.00
14.44,-18.52,0.00
14.50,-18.50,0.00
14.56,-18.48,0.00
14.63,-18.45,0.00
14.69,-18.43,0.00
14.75,-18.41,0.00
14.82,-18.39,0.00
14.88,-18.37,0.00
14.95,-18.36,0.00
15.01,-18.34,0.00
15.07,-18.32,0.00
15.14,-18.30,0.00
15.20,-18.29,0.00
15.27,-18.27,0.00
15.33,-18.25,0.00
15.40,-18.24,0.00
15.46,-18.22,0.00
15.53,-18.21,0.00
15.59,-18.19,0.00
15.66,-18.18,0.00
15.72,-18.17,0.00
15.79,-18.16,0.00
15.86,-18.15,0.00
15.92,-18.14,0.00
15.99,-18.13,0.00
16.06,-18.12,0.00
16.12,-18.11,0.00
16.19,-18.11,0.00
16.26,-18.10,0.00
16.32,-18.10,0.00
16.39,-18.09,0.00
16.46,-18.09,0.00
16.52,-18.09,0.00
16.59,-18.09,0.00
16.66,-18.09,0.00
16.72,-18.09,0.00
16.79,-18.10,0.00
16.86,-18.11,0.00
16.92,-18.11,0.00
16.99,-18.12,0.00
17.05,-18.13,0.00
17.12,-18.14,0.00
17.19,-18.15,0.00
17.25,-18.16,0.00
17.32,-18.17,0.00
17.38,-18.18,0.00
17.45,-18.20,0.00
17.52,-18.21,0.00
17.58,-18.22,0.00
17.65,-18.23,0.00
17.71,-18.24,0.00
17.78,-18.25,0.00
17.85,-18.26,0.00
17.91,-18.28,0.00
17.98,-18.29,0.00
18.04,-18.31,0.00
18.11,-18.32,0.00
18.17,-18.34,0.00
18.24,-18.35,0.00
18.30,-18.36,0.00
18.37,-18.37,0.00
18.43,-18.39,0.00
18.50,-18.40,0.00
18.56,-18.41,0.00
18.63,-18.43,0.00
18.69,-18.45,0.00
18.76,-18.47,0.00
18.82,-18.49,0.00
18.88,-18.51,0.00
18.95,-18.54,0.00
19.01,-18.56,0.00
19.07,-18.59,0.00
19.13,-18.62,0.00
19.19,-18.65,0.00
19.25,-18.68,0.00
19.31,-18.71,0.00
19.37,-18.74,0.00
19.43,-18.77,0.00
19.49,-18.79,0.00
19.55,-18.82,0.00
19.61,-18.85,0.00
19.67,-18.88,0.00
19.73,-18.91,0.00
19.79,-18.94,0.00
19.85,-18.97,0.00
19.91,-19.00,0.00
19.97,-19.04,0.00
20.02,-19.07,0.00
20.08,-19.10,0.00
20.14,-19.14,0.00
20.20,-19.17,0.00
20.25,-19.21,0.00
20.31,-19.24,0.00
20.37,-19.27,0.00
20.43,-19.31,0.00
20.48,-19.35,0.00
20.54,-19.38,0.00
20.59,-19.42,0.00
20.65,-19.46,0.00
20.70,-19.49,0.00
20.76,-19.53,0.00
20.81,-19.57,0.00
20.86,-19.61,0.00
20.92,-19.66,0.00
20.97,-19.70,0.00
21.02,-19.74,0.00
21.07,-19.79,0.00
21.12,-19.83,0.00
21.17,-19.88,0.00
21.21,-19.93,0.00
21.26,-19.97,0.00
21.31,-20.02,0.00
21.36,-20.06,0.00
21.41,-20.11,0.00
21.45,-20.16,0.00
21.50,-20.20,0.00
21.55,-20.25,0.00
21.60,-20.29,0.00
21.65,-20.34,0.00
21.70,-20.38,0.00
21.75,-20.43,0.00
21.80,-20.47,0.00
21.85,-20.52,0.00
21.90,-20.56,0.00
21.95,-20.61,0.00
22.00,-20.65,0.00
22.04,-20.70,0.00
22.09,-20.75,0.00
22.14,-20.79,0.00
22.19,-20.84,0.00
22.24,-20.89,0.00
22.28,-20.93,0.00
22.33,-20.98,0.00
22.38,-21.03,0.00
22.42,-21.08,0.00
22.47,-21.12,0.00
22.52,-21.17,0.00
22.57,-21.22,0.00
22.61,-21.26,0.00
22.66,-21.31,0.00
22.71,-21.36,0.00
22.76,-21.40,0.00
22.81,-21.45,0.00
22.86,-21.49,0.00
22.91,-21.54,0.00
22.95,-21.59,0.00
23.00,-21.63,0.00
23.05,-21.68,0.00
23.10,-21.72,0.00
23.15,-21.77,0.00
23.20,-21.81,0.00
23.25,-21.86,0.00
23.30,-21.90,0.00
23.35,-21.95,0.00
23.40,-21.99,0.00
23.45,-22.03,0.00
23.51,-22.07,0.00
23.56,-22.11,0.00
23.61,-22.15,0.00
23.67,-22.19,0.00
23.72,-22.23,0.00
23.77,-22.27,0.00
23.83,-22.31,0.00
23.88,-22.35,0.00
23.94,-22.38,0.00
23.99,-22.42,0.00
24.05,-22.46,0.00
5.47,-21.01,0.00
5.53,-21.01,0.00
5.60,-21.02,0.00
5.66,-21.03,0.00
5.73,-21.04,0.00
5.80,-21.04,0.00
5.86,-21.05,0.00
5.93,-21.05,0.00
6.00,-21.05,0.00
6.06,-21.06,0.00
6.13,-21.06,0.00
6.20,-21.06,0.00
6.26,-21.06,0.00
6.33,-21.06,0.00
6.40,-21.06,0.00
6.46,-21.06,0.00
6.53,-21.06,0.00
6.60,-21.06,0.00
6.67,-21.06,0.00
6.73,-21.06,0.00
6.80,-21.06,0.00
6.87,-21.06,0.00
6.93,-21.06,0.00
7.00,-21.06,0.00
7.07,-21.06,0.00
7.13,-21.06,0.00
7.20,-21.06,0.00
7.27,-21.06,0.00
7.33,-21.06,0.00
7.40,-21.06,0.00
7.47,-21.06,0.00
7.53,-21.06,0.00
7.60,-21.05,0.00
7.67,-21.05,0.00
7.73,-21.04,0.00
7.80,-21.04,0.00
7.87,-21.03,0.00
7.93,-21.03,0.00
8.00,-21.02,0.00
8.07,-21.02,0.00
8.13,-21.01,0.00
8.20,-21.00,0.00
8.27,-21.00,0.00
8.33,-20.99,0.00
8.40,-20.99,0.00
8.46,-20.98,0.00
8.53,-20.98,0.00
8.60,-20.97,0.00
8.66,-20.97,0.00
8.73,-20.96,0.00
8.80,-20.96,0.00
8.86,-20.95,0.00
8.93,-20.95,0.00
9.00,-20.94,0.00
9.06,-20.94,0.00
9.13,-20.93,0.00
9.20,-20.93,0.00
9.26,-20.93,0.00
9.33,-20.93,0.00
9.40,-20.93,0.00
9.46,-20.93,0.00
9.53,-20.93,0.00
9.60,-20.93,0.00
9.66,-20.93,0.00
9.73,-20.93,0.00
9.80,-20.92,0.00
9.86,-20.92,0.00
9.93,-20.91,0.00
10.00,-20.91,0.00
10.06,-20.90,0.00
10.13,-20.90,0.00
10.20,-20.89,0.00
10.26,-20.89,0.00
10.33,-20.88,0.00
10.40,-20.87,0.00
10.46,-20.87,0.00
10.53,-20.87,0.00
10.60,-20.86,0.00
10.66,-20.86,0.00
10.73,-20.85,0.00
10.80,-20.84,0.00
10.86,-20.84,0.00
10.93,-20.83,0.00
10.99,-20.82,0.00
11.06,-20.80,0.00
11.13,-20.79,0.00
11.19,-20.77,0.00
11.26,-20.76,0.00
11.32,-20.74,0.00
11.39,-20.73,0.00
11.45,-20.71,0.00
11.52,-20.70,0.00
11.58,-20.68,0.00
11.65,-20.67,0.00
11.71,-20.65,0.00
11.78,-20.64,0.00
11.84,-20.62,0.00
11.90,-20.61,0.00
11.97,-20.59,0.00
12.03,-20.57,0.00
12.10,-20.54,0.00
12.16,-20.52,0.00
12.22,-20.49,0.00
12.28,-20.47,0.00
12.34,-20.44,0.00
12.40,-20.41,0.00
12.46,-20.39,0.00
12.52,-20.36,0.00
12.59,-20.33,0.00
12.65,-20.30,0.00
12.71,-20.28,0.00
12.77,-20.25,0.00
12.83,-20.22,0.00
12.89,-20.20,0.00
12.95,-20.17,0.00
13.01,-20.14,0.00
13.07,-20.12,0.00
13.13,-20.09,0.00
13.19,-20.06,0.00
13.25,-20.03,0.00
13.32,-20.00,0.00
13.38,-19.97,0.00
13.43,-19.94,0.00
13.49,-19.91,0.00
13.55,-19.88,0.00
13.61,-19.85,0.00
13.68,-19.83,0.00
13.74,-19.80,0.00
13.80,-19.77,0.00
13.86,-19.74,0.00
13.92,-19.71,0.00
13.98,-19.69,0.00
14.04,-19.66,0.00
14.10,-19.63,0.00
14.16,-19.61,0.00
14.23,-19.58,0.00
14.29,-19.56,0.00
14.35,-19.53,0.00
14.41,-19.51,0.00
14.47,-19.49,0.00
14.54,-19.47,0.00
14.60,-19.44,0.00
14.66,-19.42,0.00
14.73,-19.40,0.00
14.79,-19.38,0.00
14.85,-19.36,0.00
14.92,-19.33,0.00
14.98,-19.31,0.00
15.04,-19.29,0.00
15.10,-19.27,0.00
15.17,-19.25,0.00
15.23,-19.22,0.00
15.29,-19.20,0.00
15.36,-19.18,0.00
15.42,-19.16,0.00
15.49,-19.14,0.00
15.55,-19.13,0.00
15.61,-19.11,0.00
15.68,-19.09,0.00
15.74,-19.07,0.00
15.81,-19.05,0.00
15.87,-19.04,0.00
15.94,-19.02,0.00
16.00,-19.00,0.00
16.07,-18.99,0.00
16.13,-18.97,0.00
16.20,-18.96,0.00
16.26,-18.95,0.00
16.33,-18.93,0.00
16.39,-18.92,0.00
16.46,-18.91,0.00
16.53,-18.90,0.00
16.59,-18.90,0.00
16.66,-18.89,0.00
16.72,-18.89,0.00
16.79,-18.88,0.00
16.86,-18.88,0.00
16.92,-18.87,0.00
16.99,-18.87,0.00
17.06,-18.86,0.00
17.12,-18.86,0.00
17.19,-18.86,0.00
17.26,-18.86,0.00
17.32,-18.86,0.00
17.39,-18.86,0.00
17.46,-18.86,0.00
17.52,-18.86,0.00
17.59,-18.87,0.00
17.66,-18.87,0.00
17.73,-18.87,0.00
17.79,-18.88,0.00
17.86,-18.88,0.00
17.92,-18.89,0.00
17.99,-18.90,0.00
18.06,-18.90,0.00
18.12,-18.91,0.00
18.19,-18.93,0.00
18.25,-18.94,0.00
18.32,-18.95,0.00
18.38,-18.97,0.00
18.45,-18.99,0.00
18.51,-19.01,0.00
18.58,-19.03,0.00
18.64,-19.05,0.00
18.70,-19.07,0.00
18.77,-19.09,0.00
18.83,-19.12,0.00
18.89,-19.14,0.00
18.95,-19.17,0.00
19.01,-19.20,0.00
19.07,-19.23,0.00
19.13,-19.26,0.00
19.19,-19.29,0.00
19.25,-19.32,0.00
19.31,-19.35,0.00
19.37,-19.38,0.00
19.43,-19.41,0.00
19.48,-19.45,0.00
19.54,-19.48,0.00
19.60,-19.51,0.00
19.66,-19.55,0.00
19.71,-19.58,0.00
19.77,-19.62,0.00
19.82,-19.66,0.00
19.88,-19.69,0.00
19.94,-19.73,0.00
19.99,-19.76,0.00
20.05,-19.80,0.00
20.11,-19.84,0.00
20.16,-19.87,0.00
20.22,-19.91,0.00
20.27,-19.94,0.00
20.33,-19.98,0.00
20.39,-20.02,0.00
20.44,-20.05,0.00
20.50,-20.09,0.00
20.56,-20.12,0.00
20.61,-20.16,0.00
20.67,-20.20,0.00
20.72,-20.24,0.00
20.78,-20.27,0.00
20.83,-20.31,0.00
20.89,-20.35,0.00
20.94,-20.39,0.00
20.99,-20.43,0.00
21.05,-20.47,0.00
21.10,-20.51,0.00
21.15,-20.55,0.00
21.21,-20.59,0.00
21.26,-20.63,0.00
21.31,-20.67,0.00
21.36,-20.71,0.00
21.42,-20.76,0.00
21.47,-20.80,0.00
21.52,-20.84,0.00
21.57,-20.88,0.00
21.62,-20.93,0.00
21.67,-20.97,0.00
21.72,-21.02,0.00
21.77,-21.06,0.00
21.82,-21.10,0.00
21.87,-21.15,0.00
21.92,-21.19,0.00
21.97,-21.24,0.00
22.02,-21.28,0.00
22.07,-21.33,0.00
22.12,-21.37,0.00
22.17,-21.42,0.00
22.22,-21.46,0.00
22.27,-21.50,0.00
22.32,-21.55,0.00
22.37,-21.59,0.00
22.42,-21.64,0.00
22.47,-21.68,0.00
22.52,-21.72,0.00
22.57,-21.77,0.00
22.62,-21.81,0.00
22.67,-21.85,0.00
22.72,-21.90,0.00
22.77,-21.94,0.00
22.83,-21.98,0.00
22.88,-22.02,0.00
22.93,-22.06,0.00
22.98,-22.11,0.00
23.04,-22.15,0.00
23.09,-22.19,0.00
23.14,-22.23,0.00
23.20,-22.27,0.00
23.25,-22.31,0.00
23.31,-22.35,0.00
23.36,-22.38,0.00
23.41,-22.42,0.00
23.47,-22.46,0.00
23.52,-22.50,0.00
23.57,-22.55,0.00
23.62,-22.59,0.00
23.68,-22.63,0.00
23.73,-22.67,0.00
23.78,-22.71,0.00
23.84,-22.74,0.00
