-1.29,-18.36,0.00
-1.23,-18.37,0.00
-1.16,-18.38,0.00
-1.10,-18.39,0.00
-1.04,-18.41,0.00
-0.97,-18.42,0.00
-0.91,-18.43,0.00
-0.85,-18.44,0.00
-0.78,-18.45,0.00
-0.72,-18.46,0.00
-0.66,-18.48,0.00
-0.60,-18.49,0.00
-0.53,-18.51,0.00
-0.47,-18.52,0.00
-0.41,-18.54,0.00
-0.35,-18.56,0.00
-0.28,-18.58,0.00
-0.22,-18.60,0.00
-0.16,-18.61,0.00
-0.10,-18.63,0.00
-0.04,-18.65,0.00
0.02,-18.67,0.00
0.09,-18.69,0.00
0.15,-18.70,0.00
0.21,-18.72,0.00
0.27,-18.74,0.00
0.33,-18.75,0.00
0.40,-18.77,0.00
0.46,-18.79,0.00
0.52,-18.81,0.00
0.58,-18.82,0.00
0.65,-18.84,0.00
0.71,-18.85,0.00
0.77,-18.87,0.00
0.83,-18.88,0.00
0.90,-18.89,0.00
0.96,-18.91,0.00
1.02,-18.92,0.00
1.09,-18.93,0.00
1.15,-18.94,0.00
1.21,-18.95,0.00
1.28,-18.95,0.00
1.34,-18.96,0.00
1.41,-18.97,0.00
1.47,-18.97,0.00
1.54,-18.98,0.00
1.60,-18.98,0.00
1.66,-18.99,0.00
1.73,-18.99,0.00
1.79,-18.99,0.00
1.86,-18.99,0.00
1.92,-18.99,0.00
1.99,-18.99,0.00
2.05,-18.99,0.00
2.11,-18.99,0.00
2.18,-18.99,0.00
2.24,-18.99,0.00
2.31,-18.99,0.00
2.37,-18.99,0.00
2.44,-18.99,0.00
2.50,-18.99,0.00
2.57,-18.99,0.00
2.63,-18.99,0.00
2.69,-18.99,0.00
2.76,-18.99,0.00
2.82,-18.99,0.00
2.89,-18.99,0.00
2.95,-18.99,0.00
3.02,-18.99,0.00
3.08,-18.99,0.00
3.15,-18.99,0.00
3.21,-18.99,0.00
3.27,-18.99,0.00
3.34,-18.99,0.00
3.40,-18.99,0.00
3.47,-18.99,0.00
3.53,-18.99,0.00
3.60,-18.99,0.00
3.66,-18.99,0.00
3.73,-18.99,0.00
3.79,-18.99,0.00
3.85,-18.99,0.00
3.92,-18.99,0.00
3.98,-19.00,0.00
4.05,-19.00,0.00
4.11,-19.00,0.00
4.18,-19.01,0.00
4.24,-19.02,0.00
4.30,-19.03,0.00
4.37,-19.04,0.00
4.43,-19.05,0.00
4.49,-19.06,0.00
4.56,-19.08,0.00
4.62,-19.09,0.00
4.68,-19.11,0.00
4.74,-19.13,0.00
4.81,-19.14,0.00
4.87,-19.16,0.00
4.93,-19.17,0.00
4.99,-19.19,0.00
5.05,-19.21,0.00
5.12,-19.22,0.00
5.18,-19.24,0.00
5.24,-19.25,0.00
5.30,-19.27,0.00
5.37,-19.29,0.00
5.43,-19.30,0.00
5.49,-19.32,0.00
5.55,-19.33,0.00
5.62,-19.35,0.00
5.68,-19.36,0.00
5.74,-19.38,0.00
5.81,-19.39,0.00
5.87,-19.40,0.00
5.93,-19.41,0.00
6.00,-19.42,0.00
6.06,-19.43,0.00
6.12,-19.43,0.00
6.19,-19.44,0.00
6.25,-19.45,0.00
6.32,-19.46,0.00
6.38,-19.47,0.00
6.44,-19.48,0.00
6.51,-19.49,0.00
6.57,-19.50,0.00
6.63,-19.52,0.00
6.70,-19.53,0.00
6.76,-19.54,0.00
6.82,-19.55,0.00
6.89,-19.56,0.00
6.95,-19.57,0.00
7.01,-19.59,0.00
7.08,-19.60,0.00
7.14,-19.61,0.00
7.20,-19.62,0.00
7.27,-19.63,0.00
7.33,-19.64,0.00
7.39,-19.65,0.00
7.46,-19.66,0.00
7.52,-19.68,0.00
7.58,-19.69,0.00
7.65,-19.70,0.00
7.71,-19.71,0.00
7.78,-19.72,0.00
7.84,-19.73,0.00
7.90,-19.74,0.00
7.97,-19.75,0.00
8.03,-19.76,0.00
8.09,-19.77,0.00
8.16,-19.78,0.00
8.22,-19.79,0.00
8.28,-19.80,0.00
8.35,-19.81,0.00
8.41,-19.82,0.00
8.47,-19.83,0.00
8.54,-19.84,0.00
8.60,-19.84,0.00
8.67,-19.85,0.00
8.73,-19.86,0.00
8.80,-19.86,0.00
8.86,-19.86,0.00
8.92,-19.87,0.00
8.99,-19.87,0.00
9.05,-19.87,0.00
9.12,-19.87,0.00
9.18,-19.87,0.00
9.25,-19.86,0.00
9.31,-19.86,0.00
9.37,-19.85,0.00
9.44,-19.85,0.00
9.50,-19.84,0.00
9.57,-19.83,0.00
9.63,-19.82,0.00
9.69,-19.81,0.00
9.76,-19.80,0.00
9.82,-19.78,0.00
9.88,-19.77,0.00
9.94,-19.75,0.00
10.01,-19.74,0.00
10.07,-19.72,0.00
10.13,-19.70,0.00
10.19,-19.69,0.00
10.26,-19.67,0.00
10.32,-19.66,0.00
10.38,-19.64,0.00
10.45,-19.63,0.00
10.51,-19.62,0.00
10.57,-19.61,0.00
10.64,-19.60,0.00
10.70,-19.59,0.00
10.76,-19.57,0.00
10.83,-19.56,0.00
10.89,-19.55,0.00
10.95,-19.53,0.00
11.01,-19.52,0.00
11.08,-19.50,0.00
11.14,-19.49,0.00
11.20,-19.48,0.00
11.27,-19.47,0.00
11.33,-19.46,0.00
11.40,-19.46,0.00
11.46,-19.45,0.00
11.52,-19.45,0.00
11.59,-19.44,0.00
11.65,-19.44,0.00
11.72,-19.43,0.00
11.78,-19.42,0.00
11.84,-19.41,0.00
11.91,-19.40,0.00
11.97,-19.39,0.00
12.03,-19.37,0.00
12.09,-19.35,0.00
12.16,-19.33,0.00
12.22,-19.31,0.00
12.28,-19.29,0.00
12.34,-19.27,0.00
12.40,-19.24,0.00
12.46,-19.22,0.00
12.52,-19.20,0.00
12.58,-19.18,0.00
12.64,-19.16,0.00
12.70,-19.14,0.00
12.76,-19.12,0.00
12.82,-19.10,0.00
12.89,-19.08,0.00
12.95,-19.06,0.00
13.01,-19.03,0.00
13.07,-19.01,0.00
13.13,-18.99,0.00
13.19,-18.96,0.00
13.25,-18.94,0.00
13.30,-18.91,0.00
13.36,-18.89,0.00
13.42,-18.86,0.00
13.48,-18.84,0.00
13.54,-18.81,0.00
13.60,-18.79,0.00
13.66,-18.77,0.00
13.72,-18.75,0.00
13.79,-18.73,0.00
13.85,-18.71,0.00
13.91,-18.70,0.00
13.97,-18.68,0.00
14.03,-18.66,0.00
14.10,-18.64,0.00
14.16,-18.62,0.00
14.22,-18.60,0.00
14.28,-18.58,0.00
14.34,-18.56,0.00
14.40,-18.54,0.00
14.46,-18.51,0.00
14.52,-18.49,0.00
14.58,-18.47,0.00
14.64,-18.45,0.00
14.70,-18.43,0.00
14.77,-18.41,0.00
14.83,-18.39,0.00
14.89,-18.37,0.00
14.95,-18.35,0.00
15.01,-18.34,0.00
15.07,-18.32,0.00
15.14,-18.30,0.00
15.20,-18.29,0.00
15.26,-18.27,0.00
15.32,-18.25,0.00
15.39,-18.24,0.00
15.45,-18.22,0.00
15.51,-18.21,0.00
15.57,-18.20,0.00
15.64,-18.18,0.00
15.70,-18.17,0.00
15.76,-18.16,0.00
15.83,-18.15,0.00
15.89,-18.14,0.00
15.96,-18.13,0.00
16.02,-18.13,0.00
16.08,-18.12,0.00
16.15,-18.11,0.00
16.21,-18.11,0.00
16.28,-18.10,0.00
16.34,-18.10,0.00
16.41,-18.09,0.00
16.47,-18.09,0.00
16.53,-18.09,0.00
16.60,-18.09,0.00
16.66,-18.09,0.00
16.73,-18.10,0.00
16.79,-18.10,0.00
16.86,-18.11,0.00
16.92,-18.11,0.00
16.98,-18.12,0.00
17.05,-18.13,0.00
17.11,-18.14,0.00
17.17,-18.15,0.00
17.24,-18.16,0.00
17.30,-18.17,0.00
17.36,-18.18,0.00
17.43,-18.19,0.00
17.49,-18.20,0.00
17.56,-18.21,0.00
-3.88,-19.60,0.00
-3.82,-19.62,0.00
-3.75,-19.64,0.00
-3.68,-19.66,0.00
-3.62,-19.68,0.00
-3.55,-19.70,0.00
-3.49,-19.73,0.00
-3.42,-19.75,0.00
-3.35,-19.77,0.00
-3.29,-19.79,0.00
-3.22,-19.82,0.00
-3.16,-19.84,0.00
-3.09,-19.86,0.00
-3.02,-19.88,0.00
-2.96,-19.90,0.00
-2.89,-19.92,0.00
-2.82,-19.94,0.00
-2.76,-19.96,0.00
-2.69,-19.99,0.00
-2.63,-20.01,0.00
-2.56,-20.03,0.00
-2.49,-20.05,0.00
-2.43,-20.08,0.00
-2.36,-20.10,0.00
-2.29,-20.12,0.00
-2.23,-20.14,0.00
-2.16,-20.15,0.00
-2.09,-20.17,0.00
-2.02,-20.18,0.00
-1.95,-20.19,0.00
-1.89,-20.21,0.00
-1.82,-20.22,0.00
-1.75,-20.22,0.00
-1.68,-20.23,0.00
-1.61,-20.24,0.00
-1.54,-20.25,0.00
-1.47,-20.26,0.00
-1.40,-20.27,0.00
-1.33,-20.28,0.00
-1.27,-20.29,0.00
-1.20,-20.31,0.00
-1.13,-20.32,0.00
-1.06,-20.33,0.00
-0.99,-20.35,0.00
-0.92,-20.36,0.00
-0.85,-20.37,0.00
-0.79,-20.38,0.00
-0.72,-20.39,0.00
-0.65,-20.40,0.00
-0.58,-20.42,0.00
-0.51,-20.43,0.00
-0.44,-20.45,0.00
-0.38,-20.46,0.00
-0.31,-20.48,0.00
-0.24,-20.50,0.00
-0.17,-20.51,0.00
-0.11,-20.53,0.00
-0.04,-20.55,0.00
0.03,-20.56,0.00
0.10,-20.58,0.00
0.17,-20.59,0.00
0.24,-20.60,0.00
0.30,-20.61,0.00
0.37,-20.62,0.00
0.44,-20.63,0.00
0.51,-20.63,0.00
0.58,-20.64,0.00
0.65,-20.64,0.00
0.72,-20.65,0.00
0.79,-20.65,0.00
0.86,-20.66,0.00
0.93,-20.66,0.00
1.00,-20.67,0.00
1.07,-20.67,0.00
1.14,-20.67,0.00
1.21,-20.68,0.00
1.28,-20.68,0.00
1.35,-20.68,0.00
1.42,-20.69,0.00
1.48,-20.69,0.00
1.55,-20.70,0.00
1.62,-20.71,0.00
1.69,-20.71,0.00
1.76,-20.72,0.00
1.83,-20.72,0.00
1.90,-20.73,0.00
1.97,-20.73,0.00
2.04,-20.74,0.00
2.11,-20.74,0.00
2.18,-20.75,0.00
2.25,-20.75,0.00
2.32,-20.76,0.00
2.39,-20.77,0.00
2.46,-20.77,0.00
2.53,-20.78,0.00
2.60,-20.78,0.00
2.66,-20.79,0.00
2.73,-20.79,0.00
2.80,-20.80,0.00
2.87,-20.79,0.00
2.94,-20.79,0.00
3.01,-20.79,0.00
3.08,-20.79,0.00
3.15,-20.78,0.00
3.22,-20.78,0.00
3.29,-20.78,0.00
3.36,-20.78,0.00
3.43,-20.78,0.00
3.50,-20.78,0.00
3.57,-20.78,0.00
3.64,-20.78,0.00
3.71,-20.78,0.00
3.78,-20.78,0.00
3.85,-20.78,0.00
3.92,-20.78,0.00
3.99,-20.79,0.00
4.06,-20.79,0.00
4.13,-20.80,0.00
4.20,-20.80,0.00
4.27,-20.81,0.00
4.33,-20.81,0.00
4.40,-20.82,0.00
4.47,-20.83,0.00
4.54,-20.85,0.00
4.61,-20.86,0.00
4.68,-20.87,0.00
4.75,-20.89,0.00
4.81,-20.90,0.00
4.88,-20.92,0.00
4.95,-20.93,0.00
5.02,-20.94,0.00
5.09,-20.95,0.00
5.16,-20.96,0.00
5.23,-20.97,0.00
5.30,-20.98,0.00
5.36,-20.99,0.00
5.43,-21.00,0.00
5.50,-21.01,0.00
5.57,-21.02,0.00
5.64,-21.03,0.00
5.71,-21.03,0.00
5.78,-21.04,0.00
5.85,-21.04,0.00
5.92,-21.05,0.00
5.99,-21.05,0.00
6.06,-21.06,0.00
6.13,-21.06,0.00
6.20,-21.06,0.00
6.27,-21.06,0.00
6.34,-21.06,0.00
6.41,-21.06,0.00
6.48,-21.06,0.00
6.54,-21.06,0.00
6.61,-21.06,0.00
6.68,-21.06,0.00
6.75,-21.06,0.00
6.82,-21.06,0.00
6.89,-21.06,0.00
6.96,-21.06,0.00
7.03,-21.06,0.00
7.10,-21.06,0.00
7.17,-21.06,0.00
7.24,-21.06,0.00
7.31,-21.06,0.00
7.38,-21.06,0.00
7.45,-21.06,0.00
7.52,-21.06,0.00
7.59,-21.05,0.00
7.66,-21.05,0.00
7.73,-21.04,0.00
7.80,-21.04,0.00
7.87,-21.03,0.00
7.94,-21.03,0.00
8.01,-21.02,0.00
8.08,-21.01,0.00
8.15,-21.01,0.00
8.21,-21.00,0.00
8.28,-21.00,0.00
8.35,-20.99,0.00
8.42,-20.99,0.00
8.49,-20.98,0.00
8.56,-20.98,0.00
8.63,-20.97,0.00
8.70,-20.97,0.00
8.77,-20.96,0.00
8.84,-20.95,0.00
8.91,-20.95,0.00
8.98,-20.94,0.00
9.05,-20.94,0.00
9.12,-20.93,0.00
9.19,-20.93,0.00
9.26,-20.93,0.00
9.33,-20.93,0.00
9.40,-20.93,0.00
9.47,-20.93,0.00
9.54,-20.93,0.00
9.60,-20.93,0.00
9.67,-20.93,0.00
9.74,-20.93,0.00
9.81,-20.92,0.00
9.88,-20.92,0.00
9.95,-20.91,0.00
10.02,-20.91,0.00
10.09,-20.90,0.00
10.16,-20.89,0.00
10.23,-20.89,0.00
10.30,-20.88,0.00
10.37,-20.88,0.00
10.44,-20.87,0.00
10.51,-20.87,0.00
10.58,-20.86,0.00
10.65,-20.86,0.00
10.72,-20.85,0.00
10.79,-20.85,0.00
10.85,-20.84,0.00
10.92,-20.83,0.00
10.99,-20.82,0.00
11.06,-20.80,0.00
11.13,-20.79,0.00
11.20,-20.77,0.00
11.26,-20.76,0.00
11.33,-20.74,0.00
11.40,-20.73,0.00
11.47,-20.71,0.00
11.54,-20.69,0.00
11.60,-20.68,0.00
11.67,-20.66,0.00
11.74,-20.65,0.00
11.81,-20.63,0.00
11.87,-20.61,0.00
11.94,-20.59,0.00
12.01,-20.57,0.00
12.07,-20.55,0.00
12.14,-20.53,0.00
12.20,-20.50,0.00
12.27,-20.47,0.00
12.33,-20.45,0.00
12.40,-20.42,0.00
12.46,-20.39,0.00
12.52,-20.36,0.00
12.59,-20.33,0.00
12.65,-20.30,0.00
12.71,-20.27,0.00
12.78,-20.25,0.00
12.84,-20.22,0.00
12.90,-20.19,0.00
12.97,-20.16,0.00
13.03,-20.13,0.00
13.10,-20.11,0.00
13.16,-20.08,0.00
13.22,-20.05,0.00
13.28,-20.02,0.00
13.35,-19.99,0.00
13.41,-19.95,0.00
13.47,-19.92,0.00
13.53,-19.89,0.00
13.60,-19.86,0.00
13.66,-19.83,0.00
13.72,-19.80,0.00
13.79,-19.77,0.00
13.85,-19.74,0.00
13.91,-19.72,0.00
13.98,-19.69,0.00
14.04,-19.66,0.00
14.10,-19.63,0.00
14.17,-19.61,0.00
14.23,-19.58,0.00
14.30,-19.55,0.00
14.36,-19.53,0.00
14.43,-19.50,0.00
14.49,-19.48,0.00
14.56,-19.46,0.00
14.63,-19.44,0.00
14.69,-19.41,0.00
14.76,-19.39,0.00
14.82,-19.37,0.00
14.89,-19.34,0.00
14.95,-19.32,0.00
15.02,-19.30,0.00
15.09,-19.27,0.00
15.15,-19.25,0.00
15.22,-19.23,0.00
15.28,-19.21,0.00
15.35,-19.19,0.00
15.42,-19.17,0.00
15.48,-19.15,0.00
15.55,-19.13,0.00
15.62,-19.11,0.00
15.68,-19.09,0.00
15.75,-19.07,0.00
15.82,-19.05,0.00
15.89,-19.03,0.00
15.95,-19.01,0.00
16.02,-19.00,0.00
16.09,-18.98,0.00
16.16,-18.97,0.00
16.22,-18.95,0.00
16.29,-18.94,0.00
16.36,-18.93,0.00
16.43,-18.92,0.00
