Error minimization success!
Best estimate of mag_den: 206285.5728057898 A/m
Simulated bend angles in degree:
[46.50960087 56.74418376]
Best relative error (sim - exp) / exp:
[-0.02222788  0.02693953]
Number of elements: (215,)
Curvature values:
[0.13167656 0.13189578 0.13209294 0.13226796 0.13242078 0.13255134
 0.1326596  0.13274555 0.1328092  0.13285055 0.13286966 0.13286658
 0.13284137 0.13279414 0.13272498 0.13263403 0.13252142 0.13238731
 0.13223187 0.13205529 0.13185777 0.13163954 0.13140081 0.13114184
 0.13086289 0.13056421 0.1302461  0.12990885 0.12955276 0.12917815
 0.12878533 0.12837465 0.12794645 0.12750107 0.12703887 0.12656022
 0.12606549 0.12555505 0.12502929 0.12448858 0.12393332 0.1233639
 0.12278072 0.12218417 0.12157465 0.12095257 0.12031833 0.11967232
 0.11901495 0.11834661 0.11766772 0.11697865 0.11627982 0.11557162
 0.11485442 0.11412863 0.11339463 0.11265278 0.11190348 0.11114709
 0.11038397 0.10961449 0.10883901 0.10805787 0.10727142 0.10648
 0.10568393 0.10488355 0.10407918 0.10327112 0.10245969 0.10164518
 0.10082789 0.10000811 0.0991861  0.09836215 0.09753651 0.09670945
 0.09588121 0.09505203 0.09422216 0.09339182 0.09256124 0.09173061
 0.09090016 0.09007008 0.08924057 0.08841181 0.08758397 0.08675724
 0.08593178 0.08510774 0.08428527 0.08346453 0.08264565 0.08182876
 0.081014   0.08020147 0.0793913  0.0785836  0.07777846 0.07697598
 0.07617626 0.07537937 0.07458541 0.07379444 0.07300654 0.07222177
 0.07144019 0.07066185 0.06988682 0.06911512 0.06834681 0.06758192
 0.06682049 0.06606254 0.0653081  0.06455718 0.06380982 0.06306601
 0.06232577 0.06158911 0.06085603 0.06012652 0.05940059 0.05867823
 0.05795942 0.05724416 0.05653242 0.0558242  0.05511946 0.05441819
 0.05372035 0.05302593 0.05233488 0.05164717 0.05096277 0.05028163
 0.04960372 0.048929   0.04825742 0.04758892 0.04692347 0.04626102
 0.0456015  0.04494486 0.04429106 0.04364003 0.0429917  0.04234603
 0.04170294 0.04106237 0.04042426 0.03978854 0.03915514 0.03852398
 0.037895   0.03726812 0.03664327 0.03602037 0.03539934 0.0347801
 0.03416258 0.03354668 0.03293234 0.03231946 0.03170795 0.03109773
 0.03048872 0.02988081 0.02927392 0.02866796 0.02806283 0.02745844
 0.02685469 0.02625148 0.02564871 0.02504628 0.0244441  0.02384204
 0.02324002 0.02263791 0.02203563 0.02143304 0.02083005 0.02022653
 0.01962238 0.01901748 0.01841171 0.01780495 0.01719708 0.01658797
 0.0159775  0.01536554 0.01475196 0.01413664 0.01351943 0.01290021
 0.01227884 0.01165517 0.01102906 0.01040037 0.00976896 0.00913467
 0.00849735 0.00785686 0.00721302 0.00656569 0.00591469 0.00525988
 0.00460107 0.00393809 0.00327078 0.00259895 0.00192243]
Percentage of elements having bending strain >= 0.05: 26.976744186046513
Bending strain in %:
[5.8708821  5.88065584 5.88944647 5.89725005 5.90406348 5.90988441
 5.91471134 5.91854358 5.92138121 5.92322516 5.92407712 5.92393958
 5.9228158  5.92070983 5.91762647 5.91357124 5.90855043 5.90257103
 5.89564072 5.88776788 5.87896153 5.86923135 5.85858765 5.84704131
 5.83460383 5.82128723 5.80710409 5.79206748 5.77619097 5.75948857
 5.74197473 5.72366431 5.70457256 5.68471508 5.66410778 5.6427669
 5.62070894 5.59795066 5.57450904 5.55040126 5.52564469 5.50025681
 5.47425527 5.44765779 5.42048217 5.39274629 5.36446802 5.33566528
 5.30635594 5.27655785 5.24628884 5.21556661 5.1844088  5.15283296
 5.12085647 5.08849659 5.05577043 5.02269491 4.98928678 4.95556256
 4.92153859 4.88723096 4.85265553 4.81782793 4.78276351 4.74747737
 4.71198432 4.67629891 4.64043539 4.60440771 4.56822955 4.53191424
 4.49547485 4.45892411 4.42227443 4.38553792 4.34872638 4.31185125
 4.27492369 4.23795452 4.20095424 4.16393302 4.12690072 4.08986689
 4.05284074 4.01583118 3.9788468  3.94189588 3.9049864  3.86812601
 3.8313221  3.79458172 3.75791166 3.72131838 3.6848081  3.64838672
 3.61205988 3.57583295 3.53971102 3.50369892 3.46780123 3.43202226
 3.39636609 3.36083654 3.3254372  3.29017142 3.25504232 3.2200528
 3.18520554 3.15050302 3.11594748 3.08154099 3.04728539 3.01318235
 2.97923334 2.94543964 2.91180236 2.87832244 2.84500064 2.81183755
 2.77883361 2.74598909 2.71330412 2.68077867 2.64841258 2.61620553
 2.58415708 2.55226665 2.52053353 2.48895688 2.45753576 2.42626908
 2.39515565 2.36419418 2.33338326 2.30272136 2.27220686 2.24183805
 2.21161312 2.18153013 2.15158711 2.12178193 2.09211244 2.06257635
 2.03317133 2.00389493 1.97474464 1.94571788 1.91681198 1.88802421
 1.85935175 1.83079172 1.80234117 1.77399707 1.74575635 1.71761585
 1.68957234 1.66162254 1.63376311 1.60599064 1.57830165 1.55069262
 1.52315994 1.49569996 1.46830897 1.4409832  1.4137188  1.38651188
 1.35935848 1.3322546  1.30519616 1.27817901 1.25119898 1.22425179
 1.19733314 1.17043864 1.14356385 1.11670426 1.08985531 1.06301235
 1.0361707  1.00932558 0.98247216 0.95560553 0.92872073 0.9018127
 0.87487632 0.84790641 0.8208977  0.79384484 0.7667424  0.73958488
 0.71236669 0.68508216 0.65772552 0.63029093 0.60277246 0.57516405
 0.5474596  0.51965286 0.49173752 0.46370714 0.43555518 0.40727501
 0.37885987 0.35030288 0.32159706 0.29273529 0.26371036 0.23451489
 0.20514139 0.17558224 0.14582968 0.1158758  0.08571254]
Number of function evaluations: 5

Parameters used.
magnetization_density: 200000.0
OPTIMIZATION_SCALE: 1000000.0

---------------------------------------------------------------------------
