-0.34,-0.82,0.00
-0.41,-0.86,0.00
-0.48,-0.90,0.00
-0.55,-0.94,0.00
-0.62,-0.96,0.00
-0.70,-0.98,0.00
-0.78,-1.01,0.00
-0.85,-1.04,0.00
-0.93,-1.06,0.00
-1.00,-1.09,0.00
-1.08,-1.11,0.00
-1.16,-1.13,0.00
-1.24,-1.15,0.00
-1.31,-1.16,0.00
-1.39,-1.18,0.00
-1.47,-1.19,0.00
-1.55,-1.20,0.00
-1.63,-1.21,0.00
-1.71,-1.21,0.00
-1.79,-1.22,0.00
-1.87,-1.23,0.00
-1.95,-1.23,0.00
-2.03,-1.24,0.00
-2.11,-1.25,0.00
-2.19,-1.25,0.00
-2.27,-1.26,0.00
-2.35,-1.27,0.00
-2.43,-1.27,0.00
-2.51,-1.27,0.00
-2.59,-1.27,0.00
-2.67,-1.27,0.00
-2.75,-1.26,0.00
-2.82,-1.25,0.00
-2.90,-1.23,0.00
-2.98,-1.22,0.00
-3.06,-1.20,0.00
-3.14,-1.18,0.00
-3.22,-1.16,0.00
-3.29,-1.14,0.00
-3.37,-1.12,0.00
-3.45,-1.10,0.00
-3.52,-1.08,0.00
-3.60,-1.05,0.00
-3.67,-1.03,0.00
-3.75,-1.00,0.00
-3.83,-0.97,0.00
-3.90,-0.95,0.00
-3.98,-0.93,0.00
-4.06,-0.91,0.00
-4.13,-0.89,0.00
-4.21,-0.87,0.00
-4.29,-0.85,0.00
-4.37,-0.84,0.00
-4.45,-0.83,0.00
-4.53,-0.82,0.00
-4.61,-0.81,0.00
-4.69,-0.80,0.00
-4.76,-0.79,0.00
-4.84,-0.77,0.00
-4.92,-0.76,0.00
-5.00,-0.74,0.00
-5.08,-0.73,0.00
-5.16,-0.71,0.00
-5.24,-0.70,0.00
-5.31,-0.68,0.00
-5.39,-0.66,0.00
-5.47,-0.64,0.00
-5.55,-0.62,0.00
-5.62,-0.60,0.00
-5.70,-0.58,0.00
-5.78,-0.56,0.00
-5.86,-0.54,0.00
-5.93,-0.52,0.00
-6.01,-0.50,0.00
-6.09,-0.48,0.00
-6.17,-0.46,0.00
-6.24,-0.45,0.00
-6.32,-0.43,0.00
-6.40,-0.42,0.00
-6.48,-0.41,0.00
-6.56,-0.40,0.00
-6.64,-0.40,0.00
-6.72,-0.39,0.00
-6.80,-0.39,0.00
-6.88,-0.39,0.00
-6.96,-0.39,0.00
-7.04,-0.39,0.00
-7.12,-0.39,0.00
-7.20,-0.40,0.00
-7.28,-0.41,0.00
-7.36,-0.43,0.00
-7.44,-0.44,0.00
-7.51,-0.46,0.00
-7.59,-0.48,0.00
-7.67,-0.50,0.00
-7.75,-0.52,0.00
-7.82,-0.54,0.00
-7.90,-0.56,0.00
-7.98,-0.59,0.00
-8.05,-0.62,0.00
-8.12,-0.64,0.00
-8.20,-0.68,0.00
-8.27,-0.71,0.00
-8.34,-0.75,0.00
-8.41,-0.78,0.00
-8.48,-0.82,0.00
-8.55,-0.86,0.00
-8.62,-0.90,0.00
-8.69,-0.94,0.00
-8.76,-0.98,0.00
-8.83,-1.02,0.00
-8.90,-1.05,0.00
-8.97,-1.09,0.00
-9.04,-1.13,0.00
-9.11,-1.17,0.00
-9.18,-1.21,0.00
-9.25,-1.25,0.00
-9.32,-1.29,0.00
-9.39,-1.33,0.00
-9.45,-1.38,0.00
-9.52,-1.42,0.00
-9.59,-1.46,0.00
-9.66,-1.51,0.00
-9.72,-1.55,0.00
-9.79,-1.59,0.00
-9.85,-1.64,0.00
-9.92,-1.69,0.00
-9.99,-1.73,0.00
-10.05,-1.78,0.00
-10.11,-1.83,0.00
-10.18,-1.88,0.00
-10.24,-1.93,0.00
-10.30,-1.98,0.00
-10.36,-2.03,0.00
-10.42,-2.08,0.00
-10.48,-2.14,0.00
-10.54,-2.19,0.00
-10.59,-2.25,0.00
-10.65,-2.30,0.00
-10.70,-2.36,0.00
-10.76,-2.42,0.00
-10.81,-2.49,0.00
-10.85,-2.55,0.00
-10.90,-2.62,0.00
-10.94,-2.68,0.00
-10.98,-2.75,0.00
-11.02,-2.82,0.00
-11.06,-2.89,0.00
-11.10,-2.96,0.00
-11.13,-3.04,0.00
-11.16,-3.11,0.00
-11.19,-3.18,0.00
-11.22,-3.26,0.00
-11.24,-3.33,0.00
-11.26,-3.41,0.00
-11.28,-3.49,0.00
-11.30,-3.57,0.00
-11.31,-3.65,0.00
-11.32,-3.73,0.00
-11.33,-3.81,0.00
-11.33,-3.89,0.00
-11.34,-3.97,0.00
-11.35,-4.05,0.00
-11.35,-4.12,0.00
-11.36,-4.20,0.00
-11.36,-4.28,0.00
-11.37,-4.36,0.00
-11.37,-4.44,0.00
-11.37,-4.52,0.00
-11.37,-4.60,0.00
-11.37,-4.68,0.00
-11.37,-4.76,0.00
-11.37,-4.84,0.00
-11.37,-4.92,0.00
-11.37,-5.00,0.00
-11.37,-5.08,0.00
-11.37,-5.16,0.00
-11.37,-5.24,0.00
-11.37,-5.32,0.00
-11.37,-5.40,0.00
-11.37,-5.48,0.00
-11.37,-5.56,0.00
-11.37,-5.64,0.00
-11.37,-5.72,0.00
-11.37,-5.80,0.00
-11.37,-5.88,0.00
-11.37,-5.96,0.00
-11.37,-6.04,0.00
-11.37,-6.12,0.00
-11.37,-6.20,0.00
-11.37,-6.28,0.00
-11.37,-6.36,0.00
-11.37,-6.44,0.00
-11.37,-6.52,0.00
-11.37,-6.60,0.00
-11.37,-6.68,0.00
-11.37,-6.76,0.00
-11.37,-6.84,0.00
-11.37,-6.92,0.00
-11.37,-7.00,0.00
-11.37,-7.08,0.00
-11.37,-7.16,0.00
-11.37,-7.24,0.00
-11.37,-7.32,0.00
-11.37,-7.40,0.00
-11.37,-7.48,0.00
-11.37,-7.56,0.00
-11.37,-7.64,0.00
-11.37,-7.72,0.00
-11.36,-7.80,0.00
-11.35,-7.88,0.00
-11.34,-7.96,0.00
-11.33,-8.04,0.00
-11.31,-8.12,0.00
-11.30,-8.20,0.00
-11.28,-8.27,0.00
-11.27,-8.35,0.00
-11.25,-8.43,0.00
-11.23,-8.51,0.00
-11.21,-8.59,0.00
-11.19,-8.66,0.00
-11.17,-8.74,0.00
-11.15,-8.82,0.00
-11.13,-8.89,0.00
-11.11,-8.97,0.00
-11.09,-9.05,0.00
-11.06,-9.12,0.00
-11.04,-9.20,0.00
-11.01,-9.28,0.00
-10.99,-9.35,0.00
-10.97,-9.43,0.00
-10.95,-9.51,0.00
-10.93,-9.58,0.00
-10.91,-9.66,0.00
-10.89,-9.74,0.00
-10.87,-9.82,0.00
-10.84,-9.89,0.00
-10.82,-9.97,0.00
-10.80,-10.05,0.00
-10.77,-10.12,0.00
-10.75,-10.20,0.00
-10.72,-10.27,0.00
-10.70,-10.35,0.00
-10.67,-10.42,0.00
-10.64,-10.50,0.00
-10.61,-10.57,0.00
-10.59,-10.65,0.00
-10.56,-10.73,0.00
-10.54,-10.80,0.00
-10.51,-10.88,0.00
-10.49,-10.95,0.00
-10.46,-11.03,0.00
-10.43,-11.10,0.00
-10.41,-11.18,0.00
-10.38,-11.25,0.00
-10.35,-11.33,0.00
-10.32,-11.40,0.00
-10.30,-11.48,0.00
-10.27,-11.56,0.00
-10.25,-11.63,0.00
-10.22,-11.71,0.00
-10.20,-11.78,0.00
-10.17,-11.86,0.00
-10.14,-11.93,0.00
-10.11,-12.01,0.00
-10.07,-12.08,0.00
-10.04,-12.15,0.00
-10.00,-12.22,0.00
-9.96,-12.29,0.00
-9.91,-12.36,0.00
-9.87,-12.42,0.00
-9.83,-12.49,0.00
-9.79,-12.56,0.00
-9.75,-12.63,0.00
-9.71,-12.70,0.00
-9.67,-12.77,0.00
-9.63,-12.84,0.00
-9.59,-12.91,0.00
-9.55,-12.98,0.00
-9.51,-13.04,0.00
-9.47,-13.11,0.00
-9.42,-13.18,0.00
-9.38,-13.25,0.00
-9.34,-13.31,0.00
-9.30,-13.38,0.00
-9.26,-13.45,0.00
-9.22,-13.52,0.00
-9.18,-13.59,0.00
-9.13,-13.66,0.00
-9.09,-13.73,0.00
-9.05,-13.79,0.00
-9.00,-13.86,0.00
-8.95,-13.92,0.00
-8.91,-13.99,0.00
-8.86,-14.05,0.00
-8.81,-14.11,0.00
-8.76,-14.17,0.00
-8.71,-14.24,0.00
-8.66,-14.30,0.00
-8.61,-14.36,0.00
-8.56,-14.42,0.00
-8.51,-14.49,0.00
-8.46,-14.55,0.00
-8.41,-14.61,0.00
-8.36,-14.67,0.00
-8.31,-14.74,0.00
-8.26,-14.80,0.00
-8.22,-14.87,0.00
-8.17,-14.93,0.00
-8.12,-15.00,0.00
-8.07,-15.06,0.00
-8.03,-15.12,0.00
-7.98,-15.19,0.00
-7.93,-15.25,0.00
-7.88,-15.31,0.00
-7.83,-15.38,0.00
-7.78,-15.44,0.00
-7.73,-15.50,0.00
-7.68,-15.56,0.00
-7.63,-15.63,0.00
-7.58,-15.69,0.00
-7.53,-15.75,0.00
-7.48,-15.81,0.00
-7.42,-15.87,0.00
-7.37,-15.93,0.00
-7.31,-15.99,0.00
-7.26,-16.04,0.00
-7.20,-16.10,0.00
-7.14,-16.15,0.00
-7.09,-16.21,0.00
-7.03,-16.27,0.00
-6.97,-16.32,0.00
-6.92,-16.38,0.00
-6.86,-16.44,0.00
-6.81,-16.49,0.00
-6.75,-16.55,0.00
-6.69,-16.61,0.00
-6.63,-16.66,0.00
-6.58,-16.72,0.00
-6.51,-16.77,0.00
-6.45,-16.82,0.00
-6.38,-16.86,0.00
-6.32,-16.90,0.00
-6.25,-16.94,0.00
-6.18,-16.98,0.00
-6.10,-17.01,0.00
-6.03,-17.05,0.00
-5.96,-17.08,0.00
-5.89,-17.11,0.00
-5.81,-17.14,0.00
-5.74,-17.17,0.00
-5.66,-17.19,0.00
-5.58,-17.22,0.00
-5.51,-17.24,0.00
-5.43,-17.26,0.00
-5.35,-17.28,0.00
-5.28,-17.30,0.00
-5.20,-17.32,0.00
-5.12,-17.35,0.00
-5.05,-17.37,0.00
-4.97,-17.40,0.00
-4.90,-17.42,0.00
-4.82,-17.45,0.00
-4.75,-17.48,0.00
-4.67,-17.51,0.00
-4.60,-17.54,0.00
-4.52,-17.57,0.00
-4.45,-17.60,0.00
-4.38,-17.64,0.00
-4.30,-17.67,0.00
-4.23,-17.70,0.00
-4.16,-17.73,0.00
-4.08,-17.76,0.00
-4.01,-17.80,0.00
-3.94,-17.83,0.00
-3.87,-17.86,0.00
-3.79,-17.90,0.00
-3.72,-17.93,0.00
-3.65,-17.96,0.00
-3.57,-17.99,0.00
-3.50,-18.01,0.00
-3.42,-18.04,0.00
-3.34,-18.06,0.00
-3.27,-18.08,0.00
-3.19,-18.10,0.00
-3.11,-18.12,0.00
-3.03,-18.14,0.00
-2.96,-18.16,0.00
-2.88,-18.17,0.00
-2.80,-18.18,0.00
-2.72,-18.20,0.00
-2.64,-18.21,0.00
-2.56,-18.22,0.00
-2.48,-18.23,0.00
-2.40,-18.24,0.00
-2.32,-18.24,0.00
-2.24,-18.25,0.00
-2.16,-18.26,0.00
-2.08,-18.26,0.00
-2.00,-18.27,0.00
-1.92,-18.28,0.00
-1.85,-18.28,0.00
-1.77,-18.29,0.00
-1.69,-18.30,0.00
-1.61,-18.31,0.00
-1.53,-18.32,0.00
-1.45,-18.33,0.00
-1.37,-18.34,0.00
-1.29,-18.36,0.00
-1.21,-18.37,0.00
-1.13,-18.39,0.00
-1.06,-18.40,0.00
-0.98,-18.42,0.00
-0.90,-18.43,0.00
-0.82,-18.45,0.00
-0.74,-18.46,0.00
-0.66,-18.48,0.00
-0.58,-18.49,0.00
-0.51,-18.51,0.00
-0.43,-18.53,0.00
-0.35,-18.56,0.00
-0.28,-18.58,0.00
-0.20,-18.60,0.00
-0.12,-18.63,0.00
-0.05,-18.65,0.00
0.03,-18.67,0.00
0.11,-18.69,0.00
0.18,-18.71,0.00
0.26,-18.73,0.00
0.34,-18.76,0.00
0.41,-18.78,0.00
0.49,-18.80,0.00
0.57,-18.82,0.00
0.65,-18.84,0.00
0.72,-18.86,0.00
0.80,-18.87,0.00
0.88,-18.89,0.00
0.96,-18.91,0.00
1.04,-18.92,0.00
1.12,-18.93,0.00
1.20,-18.94,0.00
1.28,-18.95,0.00
1.35,-18.96,0.00
1.43,-18.97,0.00
1.51,-18.97,0.00
1.59,-18.98,0.00
1.67,-18.99,0.00
1.75,-18.99,0.00
1.83,-18.99,0.00
1.91,-18.99,0.00
1.99,-18.99,0.00
2.07,-18.99,0.00
2.15,-18.99,0.00
2.23,-18.99,0.00
2.31,-18.99,0.00
2.39,-18.99,0.00
2.47,-18.99,0.00
2.55,-18.99,0.00
2.63,-18.99,0.00
2.71,-18.99,0.00
2.79,-18.99,0.00
2.87,-18.99,0.00
2.95,-18.99,0.00
3.03,-18.99,0.00
3.11,-18.99,0.00
3.19,-18.99,0.00
3.27,-18.99,0.00
3.35,-18.99,0.00
3.43,-18.99,0.00
3.51,-18.99,0.00
3.59,-18.99,0.00
3.67,-18.99,0.00
3.75,-18.99,0.00
3.83,-18.99,0.00
3.91,-18.99,0.00
3.99,-19.00,0.00
4.07,-19.00,0.00
4.15,-19.01,0.00
4.23,-19.02,0.00
4.31,-19.03,0.00
4.39,-19.04,0.00
4.47,-19.06,0.00
4.54,-19.08,0.00
4.62,-19.09,0.00
4.70,-19.11,0.00
4.78,-19.13,0.00
4.85,-19.15,0.00
4.93,-19.17,0.00
5.01,-19.19,0.00
5.09,-19.21,0.00
5.16,-19.23,0.00
5.24,-19.25,0.00
5.32,-19.27,0.00
5.40,-19.29,0.00
5.47,-19.31,0.00
5.55,-19.33,0.00
5.63,-19.35,0.00
5.71,-19.37,0.00
5.78,-19.38,0.00
5.86,-19.40,0.00
5.94,-19.41,0.00
6.02,-19.42,0.00
6.10,-19.43,0.00
6.18,-19.44,0.00
6.26,-19.45,0.00
6.34,-19.47,0.00
6.42,-19.48,0.00
6.50,-19.49,0.00
6.57,-19.51,0.00
6.65,-19.52,0.00
6.73,-19.53,0.00
6.81,-19.55,0.00
6.89,-19.56,0.00
6.97,-19.58,0.00
7.05,-19.59,0.00
7.12,-19.61,0.00
7.20,-19.62,0.00
7.28,-19.64,0.00
7.36,-19.65,0.00
7.44,-19.66,0.00
7.52,-19.67,0.00
7.60,-19.69,0.00
7.68,-19.70,0.00
7.75,-19.71,0.00
7.83,-19.73,0.00
7.91,-19.74,0.00
7.99,-19.75,0.00
8.07,-19.77,0.00
8.15,-19.78,0.00
8.23,-19.79,0.00
8.31,-19.81,0.00
8.39,-19.82,0.00
8.46,-19.83,0.00
8.54,-19.84,0.00
8.62,-19.85,0.00
8.70,-19.85,0.00
8.78,-19.86,0.00
8.86,-19.86,0.00
8.94,-19.87,0.00
9.02,-19.87,0.00
9.10,-19.87,0.00
9.18,-19.87,0.00
9.26,-19.86,0.00
9.34,-19.86,0.00
9.42,-19.85,0.00
9.50,-19.84,0.00
9.58,-19.83,0.00
9.66,-19.82,0.00
9.74,-19.80,0.00
9.82,-19.78,0.00
9.89,-19.77,0.00
9.97,-19.75,0.00
10.05,-19.73,0.00
10.13,-19.71,0.00
10.20,-19.69,0.00
10.28,-19.67,0.00
10.36,-19.65,0.00
10.44,-19.63,0.00
10.52,-19.62,0.00
10.59,-19.60,0.00
10.67,-19.59,0.00
10.75,-19.58,0.00
10.83,-19.56,0.00
10.91,-19.54,0.00
10.99,-19.52,0.00
11.06,-19.51,0.00
11.14,-19.49,0.00
11.22,-19.48,0.00
11.30,-19.47,0.00
11.38,-19.46,0.00
11.46,-19.45,0.00
11.54,-19.45,0.00
11.62,-19.44,0.00
11.70,-19.43,0.00
11.78,-19.42,0.00
11.86,-19.41,0.00
11.93,-19.39,0.00
12.01,-19.38,0.00
12.09,-19.35,0.00
12.17,-19.33,0.00
12.24,-19.30,0.00
12.32,-19.28,0.00
12.39,-19.25,0.00
12.47,-19.22,0.00
12.54,-19.19,0.00
12.62,-19.17,0.00
12.69,-19.14,0.00
12.77,-19.12,0.00
12.84,-19.09,0.00
12.92,-19.07,0.00
12.99,-19.04,0.00
13.07,-19.01,0.00
13.14,-18.98,0.00
13.22,-18.95,0.00
13.29,-18.92,0.00
13.36,-18.89,0.00
13.44,-18.85,0.00
13.51,-18.82,0.00
13.59,-18.79,0.00
13.66,-18.77,0.00
13.74,-18.74,0.00
13.81,-18.72,0.00
13.89,-18.70,0.00
13.97,-18.68,0.00
14.05,-18.66,0.00
14.12,-18.64,0.00
14.20,-18.61,0.00
14.27,-18.58,0.00
14.35,-18.56,0.00
14.42,-18.53,0.00
14.50,-18.50,0.00
14.57,-18.47,0.00
14.65,-18.45,0.00
14.72,-18.42,0.00
14.80,-18.40,0.00
14.88,-18.38,0.00
14.95,-18.35,0.00
15.03,-18.33,0.00
15.11,-18.31,0.00
15.19,-18.29,0.00
15.26,-18.27,0.00
15.34,-18.25,0.00
15.42,-18.23,0.00
15.50,-18.21,0.00
15.57,-18.20,0.00
15.65,-18.18,0.00
15.73,-18.17,0.00
15.81,-18.15,0.00
15.89,-18.14,0.00
15.97,-18.13,0.00
16.05,-18.12,0.00
16.13,-18.11,0.00
16.21,-18.11,0.00
16.29,-18.10,0.00
16.37,-18.09,0.00
16.45,-18.09,0.00
16.53,-18.09,0.00
16.61,-18.09,0.00
16.69,-18.09,0.00
16.77,-18.10,0.00
16.84,-18.10,0.00
16.92,-18.11,0.00
17.00,-18.12,0.00
17.08,-18.13,0.00
17.16,-18.15,0.00
17.24,-18.16,0.00
17.32,-18.17,0.00
17.40,-18.19,0.00
17.48,-18.20,0.00
17.56,-18.21,0.00
17.63,-18.23,0.00
17.71,-18.24,0.00
17.79,-18.25,0.00
17.87,-18.27,0.00
17.95,-18.29,0.00
18.03,-18.30,0.00
18.10,-18.32,0.00
18.18,-18.34,0.00
18.26,-18.35,0.00
18.34,-18.37,0.00
18.42,-18.38,0.00
18.50,-18.40,0.00
18.57,-18.42,0.00
18.65,-18.44,0.00
18.73,-18.46,0.00
18.80,-18.48,0.00
18.88,-18.51,0.00
18.95,-18.54,0.00
19.03,-18.57,0.00
19.10,-18.60,0.00
19.17,-18.64,0.00
19.24,-18.67,0.00
19.32,-18.71,0.00
19.39,-18.75,0.00
19.46,-18.78,0.00
19.53,-18.81,0.00
19.60,-18.85,0.00
19.68,-18.88,0.00
19.75,-18.92,0.00
19.82,-18.96,0.00
19.89,-18.99,0.00
19.96,-19.03,0.00
20.03,-19.07,0.00
20.10,-19.11,0.00
20.17,-19.15,0.00
20.23,-19.19,0.00
20.30,-19.23,0.00
20.37,-19.28,0.00
20.44,-19.32,0.00
20.51,-19.36,0.00
20.57,-19.41,0.00
20.64,-19.45,0.00
20.70,-19.50,0.00
20.77,-19.54,0.00
20.83,-19.59,0.00
20.90,-19.64,0.00
20.96,-19.69,0.00
21.02,-19.74,0.00
21.08,-19.80,0.00
21.14,-19.85,0.00
21.19,-19.91,0.00
21.25,-19.96,0.00
21.31,-20.02,0.00
21.37,-20.07,0.00
21.42,-20.13,0.00
21.48,-20.18,0.00
21.54,-20.24,0.00
21.60,-20.29,0.00
21.66,-20.35,0.00
21.72,-20.40,0.00
21.78,-20.45,0.00
21.84,-20.51,0.00
21.90,-20.56,0.00
21.95,-20.61,0.00
22.01,-20.67,0.00
22.07,-20.72,0.00
22.13,-20.78,0.00
22.18,-20.84,0.00
22.24,-20.89,0.00
22.30,-20.95,0.00
22.35,-21.01,0.00
22.41,-21.06,0.00
22.47,-21.12,0.00
22.52,-21.18,0.00
22.58,-21.23,0.00
22.64,-21.29,0.00
22.70,-21.34,0.00
22.75,-21.40,0.00
22.81,-21.45,0.00
22.87,-21.51,0.00
22.93,-21.56,0.00
22.99,-21.62,0.00
23.04,-21.67,0.00
23.10,-21.73,0.00
23.16,-21.78,0.00
23.22,-21.83,0.00
23.28,-21.89,0.00
23.34,-21.94,0.00
23.40,-21.99,0.00
23.46,-22.04,0.00
23.53,-22.09,0.00
23.59,-22.14,0.00
23.66,-22.19,0.00
23.72,-22.23,0.00
23.79,-22.28,0.00
23.85,-22.32,0.00
23.92,-22.37,0.00
23.98,-22.41,0.00
24.05,-22.46,0.00
24.12,-22.50,0.00
-0.38,0.50,0.00
-0.47,0.49,0.00
-0.55,0.47,0.00
-0.64,0.46,0.00
-0.72,0.44,0.00
-0.80,0.42,0.00
-0.89,0.40,0.00
-0.97,0.38,0.00
-1.05,0.35,0.00
-1.14,0.33,0.00
-1.22,0.31,0.00
-1.30,0.28,0.00
-1.39,0.26,0.00
-1.47,0.23,0.00
-1.55,0.21,0.00
-1.64,0.19,0.00
-1.72,0.17,0.00
-1.81,0.16,0.00
-1.89,0.14,0.00
-1.98,0.13,0.00
-2.06,0.11,0.00
-2.15,0.10,0.00
-2.23,0.10,0.00
-2.32,0.10,0.00
-2.41,0.10,0.00
-2.49,0.11,0.00
-2.58,0.12,0.00
-2.66,0.14,0.00
-2.75,0.15,0.00
-2.83,0.18,0.00
-2.92,0.20,0.00
-3.00,0.22,0.00
-3.08,0.25,0.00
-3.16,0.28,0.00
-3.24,0.31,0.00
-3.32,0.34,0.00
-3.40,0.37,0.00
-3.48,0.41,0.00
-3.56,0.44,0.00
-3.64,0.47,0.00
-3.73,0.50,0.00
-3.81,0.53,0.00
-3.89,0.56,0.00
-3.97,0.59,0.00
-4.05,0.62,0.00
-4.13,0.66,0.00
-4.21,0.69,0.00
-4.29,0.72,0.00
-4.37,0.74,0.00
-4.45,0.77,0.00
-4.54,0.80,0.00
-4.62,0.83,0.00
-4.70,0.86,0.00
-4.78,0.88,0.00
-4.86,0.91,0.00
-4.94,0.94,0.00
-5.02,0.98,0.00
-5.10,1.01,0.00
-5.18,1.04,0.00
-5.26,1.07,0.00
-5.34,1.10,0.00
-5.42,1.13,0.00
-5.51,1.16,0.00
-5.59,1.19,0.00
-5.67,1.22,0.00
-5.75,1.24,0.00
-5.84,1.27,0.00
-5.92,1.29,0.00
-6.00,1.31,0.00
-6.09,1.33,0.00
-6.17,1.35,0.00
-6.26,1.37,0.00
-6.34,1.38,0.00
-6.43,1.40,0.00
-6.51,1.41,0.00
-6.60,1.41,0.00
-6.68,1.42,0.00
-6.77,1.42,0.00
-6.86,1.42,0.00
-6.94,1.42,0.00
-7.03,1.42,0.00
-7.12,1.42,0.00
-7.20,1.42,0.00
-7.29,1.42,0.00
-7.38,1.42,0.00
-7.46,1.42,0.00
-7.55,1.42,0.00
-7.63,1.42,0.00
-7.72,1.42,0.00
-7.81,1.42,0.00
-7.89,1.42,0.00
-7.98,1.42,0.00
-8.07,1.42,0.00
-8.15,1.41,0.00
-8.24,1.41,0.00
-8.32,1.39,0.00
-8.41,1.38,0.00
-8.49,1.36,0.00
-8.58,1.34,0.00
-8.66,1.33,0.00
-8.75,1.30,0.00
-8.83,1.28,0.00
-8.91,1.25,0.00
-8.99,1.22,0.00
-9.07,1.19,0.00
-9.15,1.16,0.00
-9.23,1.12,0.00
-9.31,1.08,0.00
-9.38,1.04,0.00
-9.46,1.00,0.00
-9.53,0.95,0.00
-9.61,0.91,0.00
-9.68,0.86,0.00
-9.75,0.82,0.00
-9.83,0.77,0.00
-9.90,0.72,0.00
-9.97,0.68,0.00
-10.05,0.64,0.00
-10.12,0.59,0.00
-10.20,0.55,0.00
-10.27,0.50,0.00
-10.34,0.46,0.00
-10.42,0.41,0.00
-10.49,0.36,0.00
-10.56,0.31,0.00
-10.63,0.26,0.00
-10.70,0.21,0.00
-10.76,0.15,0.00
-10.83,0.10,0.00
-10.89,0.04,0.00
-10.96,-0.02,0.00
-11.02,-0.08,0.00
-11.08,-0.14,0.00
-11.14,-0.20,0.00
-11.20,-0.27,0.00
-11.26,-0.33,0.00
-11.31,-0.40,0.00
-11.37,-0.46,0.00
-11.42,-0.53,0.00
-11.47,-0.60,0.00
-11.52,-0.67,0.00
-11.57,-0.74,0.00
-11.62,-0.81,0.00
-11.67,-0.89,0.00
-11.71,-0.96,0.00
-11.76,-1.03,0.00
-11.81,-1.10,0.00
-11.86,-1.18,0.00
-11.90,-1.25,0.00
-11.95,-1.32,0.00
-12.00,-1.39,0.00
-12.05,-1.46,0.00
-12.10,-1.53,0.00
-12.14,-1.61,0.00
-12.19,-1.68,0.00
-12.23,-1.75,0.00
-12.28,-1.83,0.00
-12.32,-1.91,0.00
-12.36,-1.98,0.00
-12.39,-2.06,0.00
-12.43,-2.14,0.00
-12.47,-2.22,0.00
-12.50,-2.30,0.00
-12.53,-2.38,0.00
-12.57,-2.46,0.00
-12.60,-2.54,0.00
-12.62,-2.62,0.00
-12.65,-2.70,0.00
-12.67,-2.79,0.00
-12.69,-2.87,0.00
-12.70,-2.96,0.00
-12.71,-3.04,0.00
-12.73,-3.13,0.00
-12.74,-3.21,0.00
-12.75,-3.30,0.00
-12.77,-3.38,0.00
-12.78,-3.47,0.00
-12.79,-3.55,0.00
-12.80,-3.64,0.00
-12.81,-3.73,0.00
-12.82,-3.81,0.00
-12.83,-3.90,0.00
-12.84,-3.98,0.00
-12.85,-4.07,0.00
-12.85,-4.16,0.00
-12.86,-4.24,0.00
-12.86,-4.33,0.00
-12.87,-4.41,0.00
-12.88,-4.50,0.00
-12.89,-4.59,0.00
-12.89,-4.67,0.00
-12.90,-4.76,0.00
-12.91,-4.85,0.00
-12.91,-4.93,0.00
-12.92,-5.02,0.00
-12.92,-5.10,0.00
-12.92,-5.19,0.00
-12.92,-5.28,0.00
-12.92,-5.36,0.00
-12.92,-5.45,0.00
-12.92,-5.54,0.00
-12.92,-5.62,0.00
-12.92,-5.71,0.00
-12.92,-5.80,0.00
-12.92,-5.88,0.00
-12.92,-5.97,0.00
-12.92,-6.05,0.00
-12.92,-6.14,0.00
-12.92,-6.23,0.00
-12.92,-6.31,0.00
-12.92,-6.40,0.00
-12.91,-6.49,0.00
-12.90,-6.57,0.00
-12.90,-6.66,0.00
-12.89,-6.74,0.00
-12.87,-6.83,0.00
-12.86,-6.92,0.00
-12.85,-7.00,0.00
-12.83,-7.09,0.00
-12.82,-7.17,0.00
-12.81,-7.26,0.00
-12.79,-7.34,0.00
-12.78,-7.43,0.00
-12.77,-7.51,0.00
-12.75,-7.60,0.00
-12.73,-7.68,0.00
-12.72,-7.77,0.00
-12.70,-7.85,0.00
-12.68,-7.94,0.00
-12.66,-8.02,0.00
-12.65,-8.11,0.00
-12.63,-8.19,0.00
-12.62,-8.28,0.00
-12.60,-8.36,0.00
-12.59,-8.45,0.00
-12.57,-8.53,0.00
-12.55,-8.62,0.00
-12.53,-8.70,0.00
-12.52,-8.78,0.00
-12.49,-8.87,0.00
-12.47,-8.95,0.00
-12.45,-9.03,0.00
-12.42,-9.12,0.00
-12.39,-9.20,0.00
-12.36,-9.28,0.00
-12.34,-9.36,0.00
-12.31,-9.44,0.00
-12.28,-9.53,0.00
-12.26,-9.61,0.00
-12.23,-9.69,0.00
-12.20,-9.77,0.00
-12.18,-9.86,0.00
-12.15,-9.94,0.00
-12.12,-10.02,0.00
-12.10,-10.10,0.00
-12.07,-10.18,0.00
-12.05,-10.27,0.00
-12.03,-10.35,0.00
-12.01,-10.44,0.00
-11.99,-10.52,0.00
-11.96,-10.60,0.00
-11.94,-10.69,0.00
-11.93,-10.77,0.00
-11.91,-10.86,0.00
-11.89,-10.94,0.00
-11.88,-11.03,0.00
-11.86,-11.11,0.00
-11.84,-11.19,0.00
-11.81,-11.28,0.00
-11.79,-11.36,0.00
-11.76,-11.44,0.00
-11.74,-11.52,0.00
-11.71,-11.61,0.00
-11.67,-11.69,0.00
-11.64,-11.77,0.00
-11.61,-11.85,0.00
-11.57,-11.93,0.00
-11.54,-12.00,0.00
-11.50,-12.08,0.00
-11.46,-12.16,0.00
-11.43,-12.24,0.00
-11.39,-12.31,0.00
-11.35,-12.39,0.00
-11.30,-12.47,0.00
-11.26,-12.54,0.00
-11.22,-12.62,0.00
-11.18,-12.69,0.00
-11.13,-12.77,0.00
-11.09,-12.84,0.00
-11.05,-12.92,0.00
-11.00,-12.99,0.00
-10.96,-13.07,0.00
-10.92,-13.14,0.00
-10.88,-13.22,0.00
-10.84,-13.30,0.00
-10.80,-13.37,0.00
-10.76,-13.45,0.00
-10.72,-13.53,0.00
-10.68,-13.60,0.00
-10.65,-13.68,0.00
-10.61,-13.76,0.00
-10.57,-13.84,0.00
-10.53,-13.92,0.00
-10.50,-13.99,0.00
-10.46,-14.07,0.00
-10.42,-14.15,0.00
-10.38,-14.22,0.00
-10.34,-14.30,0.00
-10.30,-14.38,0.00
-10.25,-14.45,0.00
-10.21,-14.53,0.00
-10.16,-14.60,0.00
-10.12,-14.67,0.00
-10.08,-14.75,0.00
-10.04,-14.82,0.00
-9.99,-14.90,0.00
-9.95,-14.98,0.00
-9.91,-15.05,0.00
-9.87,-15.13,0.00
-9.83,-15.20,0.00
-9.79,-15.28,0.00
-9.74,-15.35,0.00
-9.70,-15.43,0.00
-9.65,-15.50,0.00
-9.60,-15.57,0.00
-9.56,-15.64,0.00
-9.51,-15.72,0.00
-9.46,-15.79,0.00
-9.42,-15.86,0.00
-9.37,-15.94,0.00
-9.33,-16.01,0.00
-9.29,-16.09,0.00
-9.24,-16.16,0.00
-9.20,-16.24,0.00
-9.16,-16.31,0.00
-9.11,-16.38,0.00
-9.06,-16.46,0.00
-9.01,-16.53,0.00
-8.96,-16.60,0.00
-8.91,-16.67,0.00
-8.85,-16.73,0.00
-8.80,-16.80,0.00
-8.75,-16.87,0.00
-8.69,-16.93,0.00
-8.63,-17.00,0.00
-8.58,-17.07,0.00
-8.52,-17.13,0.00
-8.47,-17.20,0.00
-8.41,-17.26,0.00
-8.35,-17.33,0.00
-8.30,-17.39,0.00
-8.24,-17.46,0.00
-8.18,-17.52,0.00
-8.12,-17.58,0.00
-8.06,-17.64,0.00
-8.00,-17.70,0.00
-7.93,-17.76,0.00
-7.87,-17.82,0.00
-7.80,-17.88,0.00
-7.74,-17.93,0.00
-7.67,-17.99,0.00
-7.60,-18.04,0.00
-7.54,-18.10,0.00
-7.47,-18.15,0.00
-7.40,-18.20,0.00
-7.33,-18.25,0.00
-7.25,-18.30,0.00
-7.18,-18.34,0.00
-7.11,-18.39,0.00
-7.03,-18.43,0.00
-6.96,-18.47,0.00
-6.88,-18.51,0.00
-6.80,-18.55,0.00
-6.73,-18.59,0.00
-6.65,-18.63,0.00
-6.57,-18.66,0.00
-6.49,-18.70,0.00
-6.41,-18.74,0.00
-6.33,-18.77,0.00
-6.26,-18.81,0.00
-6.18,-18.84,0.00
-6.10,-18.88,0.00
-6.02,-18.91,0.00
-5.94,-18.94,0.00
-5.86,-18.98,0.00
-5.78,-19.01,0.00
-5.70,-19.04,0.00
-5.62,-19.08,0.00
-5.54,-19.11,0.00
-5.46,-19.14,0.00
-5.38,-19.17,0.00
-5.30,-19.20,0.00
-5.22,-19.23,0.00
-5.13,-19.26,0.00
-5.05,-19.29,0.00
-4.97,-19.31,0.00
-4.89,-19.34,0.00
-4.80,-19.36,0.00
-4.72,-19.39,0.00
-4.64,-19.41,0.00
-4.55,-19.43,0.00
-4.47,-19.45,0.00
-4.39,-19.47,0.00
-4.30,-19.49,0.00
-4.22,-19.51,0.00
-4.13,-19.53,0.00
-4.05,-19.55,0.00
-3.97,-19.58,0.00
-3.88,-19.60,0.00
-3.80,-19.62,0.00
-3.72,-19.65,0.00
-3.64,-19.68,0.00
-3.55,-19.70,0.00
-3.47,-19.73,0.00
-3.39,-19.76,0.00
-3.31,-19.79,0.00
-3.23,-19.81,0.00
-3.14,-19.84,0.00
-3.06,-19.87,0.00
-2.98,-19.89,0.00
-2.90,-19.92,0.00
-2.81,-19.95,0.00
-2.73,-19.97,0.00
-2.65,-20.00,0.00
-2.57,-20.03,0.00
-2.49,-20.06,0.00
-2.41,-20.08,0.00
-2.32,-20.11,0.00
-2.24,-20.13,0.00
-2.16,-20.15,0.00
-2.07,-20.17,0.00
-1.99,-20.19,0.00
-1.90,-20.20,0.00
-1.82,-20.22,0.00
-1.73,-20.23,0.00
-1.64,-20.24,0.00
-1.56,-20.24,0.00
-1.47,-20.26,0.00
-1.39,-20.27,0.00
-1.30,-20.28,0.00
-1.22,-20.30,0.00
-1.13,-20.32,0.00
-1.05,-20.34,0.00
-0.96,-20.35,0.00
-0.88,-20.37,0.00
-0.79,-20.38,0.00
-0.71,-20.39,0.00
-0.62,-20.41,0.00
-0.54,-20.43,0.00
-0.45,-20.45,0.00
-0.37,-20.47,0.00
-0.29,-20.49,0.00
-0.20,-20.51,0.00
-0.12,-20.53,0.00
-0.03,-20.55,0.00
0.05,-20.57,0.00
0.14,-20.58,0.00
0.22,-20.60,0.00
0.31,-20.61,0.00
0.39,-20.62,0.00
0.48,-20.63,0.00
0.56,-20.64,0.00
0.65,-20.64,0.00
0.74,-20.65,0.00
0.82,-20.66,0.00
0.91,-20.66,0.00
1.00,-20.67,0.00
1.08,-20.67,0.00
1.17,-20.67,0.00
1.25,-20.68,0.00
1.34,-20.68,0.00
1.43,-20.69,0.00
1.51,-20.70,0.00
1.60,-20.70,0.00
1.68,-20.71,0.00
1.77,-20.72,0.00
1.86,-20.72,0.00
1.94,-20.73,0.00
2.03,-20.74,0.00
2.12,-20.74,0.00
2.20,-20.75,0.00
2.29,-20.76,0.00
2.37,-20.77,0.00
2.46,-20.77,0.00
2.55,-20.78,0.00
2.63,-20.79,0.00
2.72,-20.79,0.00
2.80,-20.80,0.00
2.89,-20.79,0.00
2.98,-20.79,0.00
3.06,-20.79,0.00
3.15,-20.78,0.00
3.24,-20.78,0.00
3.32,-20.78,0.00
3.41,-20.78,0.00
3.50,-20.78,0.00
3.58,-20.78,0.00
3.67,-20.78,0.00
3.76,-20.78,0.00
3.84,-20.78,0.00
3.93,-20.78,0.00
4.01,-20.79,0.00
4.10,-20.79,0.00
4.19,-20.80,0.00
4.27,-20.81,0.00
4.36,-20.82,0.00
4.44,-20.83,0.00
4.53,-20.84,0.00
4.61,-20.86,0.00
4.70,-20.88,0.00
4.78,-20.90,0.00
4.87,-20.91,0.00
4.95,-20.93,0.00
5.04,-20.94,0.00
5.12,-20.95,0.00
5.21,-20.97,0.00
5.29,-20.98,0.00
5.38,-20.99,0.00
5.47,-21.01,0.00
5.55,-21.02,0.00
5.64,-21.03,0.00
5.72,-21.03,0.00
5.81,-21.04,0.00
5.90,-21.05,0.00
5.98,-21.05,0.00
6.07,-21.06,0.00
6.15,-21.06,0.00
6.24,-21.06,0.00
6.33,-21.06,0.00
6.41,-21.06,0.00
6.50,-21.06,0.00
6.59,-21.06,0.00
6.67,-21.06,0.00
6.76,-21.06,0.00
6.85,-21.06,0.00
6.93,-21.06,0.00
7.02,-21.06,0.00
7.11,-21.06,0.00
7.19,-21.06,0.00
7.28,-21.06,0.00
7.36,-21.06,0.00
7.45,-21.06,0.00
7.54,-21.06,0.00
7.62,-21.05,0.00
7.71,-21.04,0.00
7.80,-21.04,0.00
7.88,-21.03,0.00
7.97,-21.02,0.00
8.05,-21.02,0.00
8.14,-21.01,0.00
8.23,-21.00,0.00
8.31,-21.00,0.00
8.40,-20.99,0.00
8.49,-20.98,0.00
8.57,-20.98,0.00
8.66,-20.97,0.00
8.74,-20.96,0.00
8.83,-20.95,0.00
8.92,-20.95,0.00
9.00,-20.94,0.00
9.09,-20.94,0.00
9.17,-20.93,0.00
9.26,-20.93,0.00
9.35,-20.93,0.00
9.43,-20.93,0.00
9.52,-20.93,0.00
9.61,-20.93,0.00
9.69,-20.93,0.00
9.78,-20.92,0.00
9.87,-20.92,0.00
9.95,-20.91,0.00
10.04,-20.90,0.00
10.12,-20.90,0.00
10.21,-20.89,0.00
10.30,-20.88,0.00
10.38,-20.88,0.00
10.47,-20.87,0.00
10.55,-20.86,0.00
10.64,-20.86,0.00
10.73,-20.85,0.00
10.81,-20.84,0.00
10.90,-20.83,0.00
10.98,-20.82,0.00
11.07,-20.80,0.00
11.15,-20.78,0.00
11.24,-20.76,0.00
11.32,-20.74,0.00
11.41,-20.72,0.00
11.49,-20.70,0.00
11.57,-20.69,0.00
11.66,-20.67,0.00
11.74,-20.65,0.00
11.83,-20.63,0.00
11.91,-20.60,0.00
11.99,-20.58,0.00
12.07,-20.55,0.00
12.16,-20.52,0.00
12.24,-20.49,0.00
12.31,-20.45,0.00
12.39,-20.42,0.00
12.47,-20.38,0.00
12.55,-20.35,0.00
12.63,-20.31,0.00
12.71,-20.28,0.00
12.79,-20.24,0.00
12.87,-20.21,0.00
12.95,-20.17,0.00
13.03,-20.14,0.00
13.10,-20.10,0.00
13.18,-20.06,0.00
13.26,-20.03,0.00
13.34,-19.99,0.00
13.42,-19.95,0.00
13.49,-19.91,0.00
13.57,-19.88,0.00
13.65,-19.84,0.00
13.73,-19.80,0.00
13.80,-19.76,0.00
13.88,-19.73,0.00
13.96,-19.69,0.00
14.04,-19.66,0.00
14.12,-19.63,0.00
14.20,-19.59,0.00
14.28,-19.56,0.00
14.36,-19.53,0.00
14.44,-19.50,0.00
14.52,-19.47,0.00
14.61,-19.44,0.00
14.69,-19.42,0.00
14.77,-19.39,0.00
14.85,-19.36,0.00
14.93,-19.33,0.00
15.01,-19.30,0.00
15.10,-19.27,0.00
15.18,-19.24,0.00
15.26,-19.22,0.00
15.34,-19.19,0.00
15.42,-19.16,0.00
15.51,-19.14,0.00
15.59,-19.11,0.00
15.67,-19.09,0.00
15.76,-19.07,0.00
15.84,-19.04,0.00
15.92,-19.02,0.00
16.01,-19.00,0.00
16.09,-18.98,0.00
16.18,-18.96,0.00
16.26,-18.95,0.00
16.34,-18.93,0.00
16.43,-18.92,0.00
16.52,-18.91,0.00
16.60,-18.90,0.00
16.69,-18.89,0.00
16.77,-18.88,0.00
16.86,-18.88,0.00
16.95,-18.87,0.00
17.03,-18.87,0.00
17.12,-18.86,0.00
17.21,-18.86,0.00
17.29,-18.86,0.00
17.38,-18.86,0.00
17.46,-18.86,0.00
17.55,-18.86,0.00
17.64,-18.87,0.00
17.72,-18.87,0.00
17.81,-18.88,0.00
17.90,-18.89,0.00
17.98,-18.89,0.00
18.07,-18.91,0.00
18.15,-18.92,0.00
18.24,-18.94,0.00
18.32,-18.96,0.00
18.41,-18.98,0.00
18.49,-19.00,0.00
18.57,-19.03,0.00
18.65,-19.05,0.00
18.73,-19.08,0.00
18.82,-19.11,0.00
18.90,-19.15,0.00
18.97,-19.18,0.00
19.05,-19.22,0.00
19.13,-19.26,0.00
19.21,-19.29,0.00
19.28,-19.33,0.00
19.36,-19.38,0.00
19.44,-19.42,0.00
19.51,-19.46,0.00
19.58,-19.51,0.00
19.66,-19.55,0.00
19.73,-19.60,0.00
19.80,-19.64,0.00
19.88,-19.69,0.00
19.95,-19.74,0.00
20.02,-19.78,0.00
20.09,-19.83,0.00
20.17,-19.88,0.00
20.24,-19.92,0.00
20.31,-19.97,0.00
20.39,-20.01,0.00
20.46,-20.06,0.00
20.53,-20.11,0.00
20.60,-20.16,0.00
20.68,-20.20,0.00
20.75,-20.25,0.00
20.82,-20.30,0.00
20.89,-20.35,0.00
20.96,-20.40,0.00
21.03,-20.45,0.00
21.10,-20.51,0.00
21.17,-20.56,0.00
21.23,-20.61,0.00
21.30,-20.66,0.00
21.37,-20.72,0.00
21.44,-20.77,0.00
21.50,-20.83,0.00
21.57,-20.88,0.00
21.64,-20.94,0.00
21.70,-21.00,0.00
21.77,-21.05,0.00
21.83,-21.11,0.00
21.89,-21.17,0.00
21.96,-21.23,0.00
22.02,-21.29,0.00
22.09,-21.34,0.00
22.15,-21.40,0.00
22.22,-21.46,0.00
22.28,-21.51,0.00
22.35,-21.57,0.00
22.41,-21.63,0.00
22.48,-21.68,0.00
22.54,-21.74,0.00
22.61,-21.80,0.00
22.67,-21.85,0.00
22.74,-21.91,0.00
22.81,-21.96,0.00
22.87,-22.02,0.00
22.94,-22.07,0.00
23.01,-22.12,0.00
23.08,-22.18,0.00
23.15,-22.23,0.00
23.22,-22.28,0.00
23.29,-22.33,0.00
23.36,-22.38,0.00
23.43,-22.43,0.00
23.50,-22.48,0.00
23.56,-22.54,0.00
23.63,-22.59,0.00
23.70,-22.65,0.00
23.77,-22.70,0.00
23.84,-22.74,0.00
