-0.34,-0.82,0.00
-0.39,-0.85,0.00
-0.44,-0.89,0.00
-0.50,-0.92,0.00
-0.56,-0.94,0.00
-0.61,-0.96,0.00
-0.67,-0.98,0.00
-0.73,-0.99,0.00
-0.79,-1.02,0.00
-0.85,-1.04,0.00
-0.91,-1.06,0.00
-0.97,-1.08,0.00
-1.02,-1.09,0.00
-1.08,-1.11,0.00
-1.14,-1.12,0.00
-1.20,-1.14,0.00
-1.26,-1.15,0.00
-1.32,-1.17,0.00
-1.39,-1.18,0.00
-1.45,-1.19,0.00
-1.51,-1.20,0.00
-1.57,-1.20,0.00
-1.63,-1.21,0.00
-1.69,-1.21,0.00
-1.75,-1.22,0.00
-1.82,-1.22,0.00
-1.88,-1.23,0.00
-1.94,-1.23,0.00
-2.00,-1.24,0.00
-2.06,-1.24,0.00
-2.12,-1.25,0.00
-2.18,-1.25,0.00
-2.25,-1.26,0.00
-2.31,-1.27,0.00
-2.37,-1.27,0.00
-2.43,-1.27,0.00
-2.49,-1.27,0.00
-2.55,-1.27,0.00
-2.62,-1.27,0.00
-2.68,-1.27,0.00
-2.74,-1.26,0.00
-2.80,-1.25,0.00
-2.86,-1.24,0.00
-2.92,-1.23,0.00
-2.98,-1.22,0.00
-3.04,-1.20,0.00
-3.10,-1.19,0.00
-3.16,-1.18,0.00
-3.22,-1.16,0.00
-3.28,-1.15,0.00
-3.34,-1.13,0.00
-3.40,-1.11,0.00
-3.46,-1.10,0.00
-3.52,-1.08,0.00
-3.58,-1.06,0.00
-3.64,-1.04,0.00
-3.70,-1.02,0.00
-3.75,-1.00,0.00
-3.81,-0.98,0.00
-3.87,-0.96,0.00
-3.93,-0.94,0.00
-3.99,-0.92,0.00
-4.05,-0.91,0.00
-4.11,-0.89,0.00
-4.17,-0.88,0.00
-4.23,-0.87,0.00
-4.29,-0.85,0.00
-4.35,-0.84,0.00
-4.41,-0.83,0.00
-4.47,-0.83,0.00
-4.53,-0.82,0.00
-4.60,-0.81,0.00
-4.66,-0.80,0.00
-4.72,-0.79,0.00
-4.78,-0.78,0.00
-4.84,-0.77,0.00
-4.90,-0.76,0.00
-4.96,-0.75,0.00
-5.02,-0.74,0.00
-5.08,-0.73,0.00
-5.14,-0.72,0.00
-5.20,-0.70,0.00
-5.26,-0.69,0.00
-5.32,-0.68,0.00
-5.38,-0.66,0.00
-5.44,-0.65,0.00
-5.50,-0.63,0.00
-5.56,-0.62,0.00
-5.62,-0.60,0.00
-5.68,-0.59,0.00
-5.74,-0.57,0.00
-5.80,-0.56,0.00
-5.86,-0.54,0.00
-5.92,-0.53,0.00
-5.98,-0.51,0.00
-6.04,-0.49,0.00
-6.10,-0.48,0.00
-6.16,-0.46,0.00
-6.22,-0.45,0.00
-6.28,-0.44,0.00
-6.34,-0.43,0.00
-6.40,-0.42,0.00
-6.47,-0.41,0.00
-6.53,-0.41,0.00
-6.59,-0.40,0.00
-6.65,-0.40,0.00
-6.71,-0.39,0.00
-6.77,-0.39,0.00
-6.84,-0.39,0.00
-6.90,-0.39,0.00
-6.96,-0.39,0.00
-7.02,-0.39,0.00
-7.08,-0.39,0.00
-7.14,-0.40,0.00
-7.21,-0.40,0.00
-7.27,-0.41,0.00
-7.33,-0.42,0.00
-7.39,-0.43,0.00
-7.45,-0.45,0.00
-7.51,-0.46,0.00
-7.57,-0.47,0.00
-7.63,-0.49,0.00
-7.69,-0.50,0.00
-7.75,-0.52,0.00
-7.81,-0.54,0.00
-7.87,-0.55,0.00
-7.93,-0.57,0.00
-7.98,-0.59,0.00
-8.04,-0.61,0.00
-8.10,-0.63,0.00
-8.16,-0.66,0.00
-8.21,-0.68,0.00
-8.27,-0.71,0.00
-8.32,-0.74,0.00
-8.38,-0.76,0.00
-8.43,-0.79,0.00
-8.49,-0.82,0.00
-8.54,-0.85,0.00
-8.60,-0.88,0.00
-8.65,-0.91,0.00
-8.70,-0.94,0.00
-8.76,-0.97,0.00
-8.81,-1.00,0.00
-8.87,-1.03,0.00
-8.92,-1.06,0.00
-8.97,-1.09,0.00
-9.03,-1.12,0.00
-9.08,-1.15,0.00
-9.14,-1.18,0.00
-9.19,-1.21,0.00
-9.24,-1.24,0.00
-9.30,-1.28,0.00
-9.35,-1.31,0.00
-9.40,-1.34,0.00
-9.45,-1.37,0.00
-9.51,-1.41,0.00
-9.56,-1.44,0.00
-9.61,-1.47,0.00
-9.66,-1.51,0.00
-9.71,-1.54,0.00
-9.76,-1.58,0.00
-9.81,-1.61,0.00
-9.87,-1.65,0.00
-9.92,-1.68,0.00
-9.97,-1.72,0.00
-10.02,-1.75,0.00
-10.07,-1.79,0.00
-10.11,-1.83,0.00
-10.16,-1.87,0.00
-10.21,-1.90,0.00
-10.26,-1.94,0.00
-10.31,-1.98,0.00
-10.35,-2.02,0.00
-10.40,-2.06,0.00
-10.45,-2.10,0.00
-10.49,-2.15,0.00
-10.54,-2.19,0.00
-10.58,-2.23,0.00
-10.62,-2.28,0.00
-10.67,-2.32,0.00
-10.71,-2.37,0.00
-10.75,-2.41,0.00
-10.79,-2.46,0.00
-10.82,-2.51,0.00
-10.86,-2.56,0.00
-10.90,-2.61,0.00
-10.93,-2.66,0.00
-10.96,-2.72,0.00
-10.99,-2.77,0.00
-11.02,-2.82,0.00
-11.05,-2.88,0.00
-11.08,-2.93,0.00
-11.11,-2.99,0.00
-11.14,-3.04,0.00
-11.16,-3.10,0.00
-11.18,-3.16,0.00
-11.20,-3.21,0.00
-11.22,-3.27,0.00
-11.24,-3.33,0.00
-11.26,-3.39,0.00
-11.27,-3.45,0.00
-11.29,-3.51,0.00
-11.30,-3.57,0.00
-11.31,-3.63,0.00
-11.32,-3.70,0.00
-11.32,-3.76,0.00
-11.33,-3.82,0.00
-11.33,-3.88,0.00
-11.34,-3.94,0.00
-11.34,-4.00,0.00
-11.35,-4.06,0.00
-11.35,-4.13,0.00
-11.36,-4.19,0.00
-11.36,-4.25,0.00
-11.37,-4.31,0.00
-11.37,-4.37,0.00
-11.37,-4.43,0.00
-11.37,-4.50,0.00
-11.37,-4.56,0.00
-11.37,-4.62,0.00
-11.37,-4.68,0.00
-11.37,-4.74,0.00
-11.37,-4.80,0.00
-11.37,-4.87,0.00
-11.37,-4.93,0.00
-11.37,-4.99,0.00
-11.37,-5.05,0.00
-11.37,-5.11,0.00
-11.37,-5.18,0.00
-11.37,-5.24,0.00
-11.37,-5.30,0.00
-11.37,-5.36,0.00
-11.37,-5.42,0.00
-11.37,-5.48,0.00
-11.37,-5.55,0.00
-11.37,-5.61,0.00
-11.37,-5.67,0.00
-11.37,-5.73,0.00
-11.37,-5.79,0.00
-11.37,-5.85,0.00
-11.37,-5.92,0.00
-11.37,-5.98,0.00
-11.37,-6.04,0.00
-11.37,-6.10,0.00
-11.37,-6.16,0.00
-11.37,-6.22,0.00
-11.37,-6.29,0.00
-11.37,-6.35,0.00
-11.37,-6.41,0.00
-11.37,-6.47,0.00
-11.37,-6.53,0.00
-11.37,-6.60,0.00
-11.37,-6.66,0.00
-11.37,-6.72,0.00
-11.37,-6.78,0.00
-11.37,-6.84,0.00
-11.37,-6.90,0.00
-11.37,-6.97,0.00
-11.37,-7.03,0.00
-11.37,-7.09,0.00
-11.37,-7.15,0.00
-11.37,-7.21,0.00
-11.37,-7.27,0.00
-11.37,-7.34,0.00
-11.37,-7.40,0.00
-11.37,-7.46,0.00
-11.37,-7.52,0.00
-11.37,-7.58,0.00
-11.37,-7.64,0.00
-11.37,-7.71,0.00
-11.36,-7.77,0.00
-11.36,-7.83,0.00
-11.35,-7.89,0.00
-11.34,-7.95,0.00
-11.33,-8.01,0.00
-11.32,-8.07,0.00
-11.31,-8.13,0.00
-11.30,-8.20,0.00
-11.29,-8.26,0.00
-11.27,-8.32,0.00
-11.26,-8.38,0.00
-11.25,-8.44,0.00
-11.23,-8.50,0.00
-11.22,-8.56,0.00
-11.20,-8.62,0.00
-11.19,-8.68,0.00
-11.17,-8.74,0.00
-11.16,-8.80,0.00
-11.14,-8.86,0.00
-11.13,-8.92,0.00
-11.11,-8.98,0.00
-11.09,-9.03,0.00
-11.07,-9.09,0.00
-11.05,-9.15,0.00
-11.03,-9.21,0.00
-11.01,-9.27,0.00
-11.00,-9.33,0.00
-10.98,-9.39,0.00
-10.96,-9.45,0.00
-10.95,-9.51,0.00
-0.47,0.49,0.00
-0.54,0.48,0.00
-0.61,0.46,0.00
-0.68,0.45,0.00
-0.75,0.43,0.00
-0.82,0.41,0.00
-0.89,0.40,0.00
-0.96,0.38,0.00
-1.03,0.36,0.00
-1.10,0.34,0.00
-1.17,0.32,0.00
-1.24,0.30,0.00
-1.31,0.28,0.00
-1.38,0.26,0.00
-1.45,0.24,0.00
-1.52,0.22,0.00
-1.59,0.20,0.00
-1.66,0.18,0.00
-1.73,0.17,0.00
-1.80,0.16,0.00
-1.87,0.14,0.00
-1.94,0.13,0.00
-2.02,0.12,0.00
-2.09,0.11,0.00
-2.16,0.10,0.00
-2.23,0.10,0.00
-2.31,0.10,0.00
-2.38,0.10,0.00
-2.45,0.11,0.00
-2.52,0.11,0.00
-2.59,0.12,0.00
-2.67,0.14,0.00
-2.74,0.15,0.00
-2.81,0.17,0.00
-2.88,0.19,0.00
-2.95,0.21,0.00
-3.02,0.23,0.00
-3.08,0.25,0.00
-3.15,0.28,0.00
-3.22,0.30,0.00
-3.29,0.33,0.00
-3.36,0.36,0.00
-3.42,0.38,0.00
-3.49,0.41,0.00
-3.56,0.43,0.00
-3.63,0.46,0.00
-3.69,0.49,0.00
-3.76,0.51,0.00
-3.83,0.54,0.00
-3.90,0.57,0.00
-3.96,0.59,0.00
-4.03,0.62,0.00
-4.10,0.64,0.00
-4.17,0.67,0.00
-4.24,0.70,0.00
-4.30,0.72,0.00
-4.37,0.74,0.00
-4.44,0.77,0.00
-4.51,0.79,0.00
-4.58,0.81,0.00
-4.65,0.84,0.00
-4.72,0.86,0.00
-4.78,0.89,0.00
-4.85,0.91,0.00
-4.92,0.94,0.00
-4.99,0.96,0.00
-5.06,0.99,0.00
-5.12,1.01,0.00
-5.19,1.04,0.00
-5.26,1.07,0.00
-5.33,1.09,0.00
-5.39,1.12,0.00
-5.46,1.15,0.00
-5.53,1.17,0.00
-5.60,1.20,0.00
-5.67,1.22,0.00
-5.74,1.24,0.00
-5.81,1.26,0.00
-5.88,1.28,0.00
-5.95,1.30,0.00
-6.02,1.31,0.00
-6.09,1.33,0.00
-6.16,1.35,0.00
-6.23,1.36,0.00
-6.30,1.38,0.00
-6.37,1.39,0.00
-6.44,1.40,0.00
-6.51,1.41,0.00
-6.59,1.41,0.00
-6.66,1.42,0.00
-6.73,1.42,0.00
-6.80,1.42,0.00
-6.88,1.42,0.00
-6.95,1.42,0.00
-7.02,1.42,0.00
-7.09,1.42,0.00
-7.17,1.42,0.00
-7.24,1.42,0.00
-7.31,1.42,0.00
-7.38,1.42,0.00
-7.46,1.42,0.00
-7.53,1.42,0.00
-7.60,1.42,0.00
-7.68,1.42,0.00
-7.75,1.42,0.00
-7.82,1.42,0.00
-7.89,1.42,0.00
-7.97,1.42,0.00
-8.04,1.42,0.00
-8.11,1.42,0.00
-8.18,1.41,0.00
-8.25,1.40,0.00
-8.33,1.39,0.00
-8.40,1.38,0.00
-8.47,1.37,0.00
-8.54,1.35,0.00
-8.61,1.34,0.00
-8.68,1.32,0.00
-8.75,1.30,0.00
-8.82,1.28,0.00
-8.89,1.26,0.00
-8.96,1.24,0.00
-9.03,1.21,0.00
-9.09,1.18,0.00
-9.16,1.15,0.00
-9.23,1.12,0.00
-9.29,1.09,0.00
-9.35,1.06,0.00
-9.42,1.02,0.00
-9.48,0.98,0.00
-9.54,0.95,0.00
-9.60,0.91,0.00
-9.67,0.87,0.00
-9.73,0.83,0.00
-9.79,0.79,0.00
-9.85,0.75,0.00
-9.91,0.72,0.00
-9.97,0.68,0.00
-10.04,0.64,0.00
-10.10,0.61,0.00
-10.16,0.57,0.00
-10.22,0.53,0.00
-10.29,0.49,0.00
-10.35,0.46,0.00
-10.41,0.42,0.00
-10.47,0.38,0.00
-10.53,0.33,0.00
-10.59,0.29,0.00
-10.64,0.25,0.00
-10.70,0.20,0.00
-10.76,0.16,0.00
-10.81,0.11,0.00
-10.87,0.06,0.00
-10.92,0.01,0.00
-10.97,-0.04,0.00
-11.03,-0.09,0.00
-11.08,-0.14,0.00
-11.13,-0.19,0.00
-11.18,-0.24,0.00
-11.23,-0.30,0.00
-11.27,-0.35,0.00
-11.32,-0.41,0.00
-11.37,-0.46,0.00
-11.41,-0.52,0.00
-11.46,-0.58,0.00
-11.50,-0.64,0.00
-11.54,-0.69,0.00
-11.58,-0.76,0.00
-11.62,-0.82,0.00
-11.66,-0.88,0.00
-11.70,-0.94,0.00
-11.74,-1.00,0.00
-11.78,-1.06,0.00
-11.82,-1.12,0.00
-11.86,-1.18,0.00
-11.90,-1.24,0.00
-11.94,-1.30,0.00
-11.98,-1.36,0.00
-12.02,-1.42,0.00
-12.06,-1.48,0.00
-12.10,-1.54,0.00
-12.14,-1.60,0.00
-12.18,-1.66,0.00
-12.22,-1.73,0.00
-12.25,-1.79,0.00
-12.29,-1.85,0.00
-12.32,-1.92,0.00
-12.35,-1.98,0.00
-12.39,-2.05,0.00
-12.42,-2.11,0.00
-12.45,-2.18,0.00
-12.48,-2.24,0.00
-12.51,-2.31,0.00
-12.53,-2.38,0.00
-12.56,-2.45,0.00
-12.59,-2.51,0.00
-12.61,-2.58,0.00
-12.63,-2.65,0.00
-12.65,-2.72,0.00
-12.67,-2.79,0.00
-12.68,-2.86,0.00
-12.70,-2.93,0.00
-12.71,-3.01,0.00
-12.72,-3.08,0.00
-12.73,-3.15,0.00
-12.74,-3.22,0.00
-12.75,-3.29,0.00
-12.76,-3.36,0.00
-12.77,-3.44,0.00
-12.78,-3.51,0.00
-12.80,-3.58,0.00
-12.81,-3.65,0.00
-12.81,-3.72,0.00
-12.82,-3.80,0.00
-12.83,-3.87,0.00
-12.84,-3.94,0.00
-12.84,-4.01,0.00
-12.85,-4.08,0.00
-12.85,-4.16,0.00
-12.86,-4.23,0.00
-12.86,-4.30,0.00
-12.87,-4.37,0.00
-12.87,-4.45,0.00
-12.88,-4.52,0.00
-12.89,-4.59,0.00
-12.89,-4.66,0.00
-12.90,-4.74,0.00
-12.90,-4.81,0.00
-12.91,-4.88,0.00
-12.91,-4.95,0.00
-12.92,-5.02,0.00
-12.92,-5.10,0.00
-12.92,-5.17,0.00
-12.92,-5.24,0.00
-12.92,-5.31,0.00
-12.92,-5.39,0.00
-12.92,-5.46,0.00
-12.92,-5.53,0.00
-12.92,-5.60,0.00
-12.92,-5.68,0.00
-12.92,-5.75,0.00
-12.92,-5.82,0.00
-12.92,-5.89,0.00
-12.92,-5.97,0.00
-12.92,-6.04,0.00
-12.92,-6.11,0.00
-12.92,-6.19,0.00
-12.92,-6.26,0.00
-12.92,-6.33,0.00
-12.91,-6.40,0.00
-12.91,-6.48,0.00
-12.91,-6.55,0.00
-12.90,-6.62,0.00
-12.89,-6.69,0.00
-12.88,-6.76,0.00
-12.87,-6.84,0.00
-12.86,-6.91,0.00
-12.85,-6.98,0.00
-12.84,-7.05,0.00
-12.83,-7.12,0.00
-12.82,-7.19,0.00
-12.81,-7.27,0.00
-12.80,-7.34,0.00
-12.78,-7.41,0.00
-12.77,-7.48,0.00
-12.76,-7.55,0.00
-12.75,-7.62,0.00
-12.73,-7.69,0.00
-12.72,-7.77,0.00
-12.70,-7.84,0.00
-12.69,-7.91,0.00
-12.67,-7.98,0.00
-12.66,-8.05,0.00
-12.64,-8.12,0.00
-12.63,-8.19,0.00
-12.62,-8.26,0.00
-12.61,-8.34,0.00
-12.59,-8.41,0.00
-12.58,-8.48,0.00
-12.57,-8.55,0.00
-12.55,-8.62,0.00
-12.54,-8.69,0.00
-12.52,-8.76,0.00
-12.50,-8.83,0.00
-12.48,-8.90,0.00
-12.47,-8.97,0.00
-12.44,-9.04,0.00
-12.42,-9.11,0.00
-12.40,-9.18,0.00
-12.38,-9.25,0.00
-12.35,-9.32,0.00
-12.33,-9.39,0.00
-12.31,-9.45,0.00
-12.29,-9.52,0.00
-12.26,-9.59,0.00
-12.24,-9.66,0.00
-12.22,-9.73,0.00
-12.20,-9.80,0.00
-12.17,-9.87,0.00
-12.15,-9.94,0.00
