-0.00,0.90,0.00
0.02,0.90,0.00
0.05,0.90,0.00
0.07,0.89,0.00
0.10,0.89,0.00
0.12,0.89,0.00
0.14,0.88,0.00
0.17,0.88,0.00
0.19,0.88,0.00
0.21,0.88,0.00
0.24,0.87,0.00
0.26,0.87,0.00
0.29,0.87,0.00
0.31,0.86,0.00
0.33,0.86,0.00
0.36,0.86,0.00
0.38,0.85,0.00
0.40,0.85,0.00
0.43,0.84,0.00
0.45,0.84,0.00
0.47,0.84,0.00
0.50,0.83,0.00
0.52,0.83,0.00
0.54,0.82,0.00
0.57,0.82,0.00
0.59,0.82,0.00
0.61,0.81,0.00
0.64,0.81,0.00
0.66,0.80,0.00
0.68,0.80,0.00
0.71,0.79,0.00
0.73,0.79,0.00
0.75,0.78,0.00
0.78,0.78,0.00
0.80,0.77,0.00
0.82,0.77,0.00
0.84,0.76,0.00
0.87,0.76,0.00
0.89,0.75,0.00
0.91,0.75,0.00
0.94,0.74,0.00
0.96,0.73,0.00
0.98,0.73,0.00
1.01,0.72,0.00
1.03,0.72,0.00
1.05,0.71,0.00
1.07,0.70,0.00
1.10,0.70,0.00
1.12,0.69,0.00
1.14,0.69,0.00
1.16,0.68,0.00
1.19,0.67,0.00
1.21,0.67,0.00
1.23,0.66,0.00
1.25,0.65,0.00
1.28,0.65,0.00
1.30,0.64,0.00
1.32,0.63,0.00
1.34,0.63,0.00
1.37,0.62,0.00
1.39,0.61,0.00
1.41,0.60,0.00
1.43,0.60,0.00
1.45,0.59,0.00
1.48,0.58,0.00
1.50,0.57,0.00
1.52,0.57,0.00
1.54,0.56,0.00
1.56,0.55,0.00
1.59,0.54,0.00
1.61,0.54,0.00
1.63,0.53,0.00
1.65,0.52,0.00
1.67,0.51,0.00
1.70,0.50,0.00
1.72,0.50,0.00
1.74,0.49,0.00
1.76,0.48,0.00
1.78,0.47,0.00
1.81,0.46,0.00
1.83,0.45,0.00
1.85,0.44,0.00
1.87,0.44,0.00
1.89,0.43,0.00
1.91,0.42,0.00
1.94,0.41,0.00
1.96,0.40,0.00
1.98,0.39,0.00
2.00,0.38,0.00
2.02,0.37,0.00
2.04,0.37,0.00
2.06,0.36,0.00
2.09,0.35,0.00
2.11,0.34,0.00
2.13,0.33,0.00
2.15,0.32,0.00
2.17,0.31,0.00
2.19,0.30,0.00
2.21,0.29,0.00
2.23,0.28,0.00
2.26,0.27,0.00
2.28,0.26,0.00
2.30,0.25,0.00
2.32,0.24,0.00
2.34,0.23,0.00
2.36,0.22,0.00
2.38,0.21,0.00
2.40,0.20,0.00
2.42,0.19,0.00
2.45,0.18,0.00
2.47,0.17,0.00
2.49,0.16,0.00
2.51,0.15,0.00
2.53,0.14,0.00
2.55,0.13,0.00
2.57,0.12,0.00
2.59,0.11,0.00
2.61,0.10,0.00
2.63,0.09,0.00
2.65,0.08,0.00
2.67,0.07,0.00
2.70,0.06,0.00
2.72,0.04,0.00
2.74,0.03,0.00
2.76,0.02,0.00
2.78,0.01,0.00
2.80,0.00,0.00
2.82,-0.01,0.00
2.84,-0.02,0.00
2.86,-0.03,0.00
2.88,-0.04,0.00
2.90,-0.05,0.00
2.92,-0.07,0.00
2.94,-0.08,0.00
2.96,-0.09,0.00
2.98,-0.10,0.00
3.00,-0.11,0.00
3.02,-0.12,0.00
3.04,-0.13,0.00
3.06,-0.15,0.00
3.09,-0.16,0.00
3.11,-0.17,0.00
3.13,-0.18,0.00
3.15,-0.19,0.00
3.17,-0.20,0.00
3.19,-0.22,0.00
3.21,-0.23,0.00
3.23,-0.24,0.00
3.25,-0.25,0.00
3.27,-0.26,0.00
3.29,-0.28,0.00
3.31,-0.29,0.00
3.33,-0.30,0.00
3.35,-0.31,0.00
3.37,-0.32,0.00
3.39,-0.34,0.00
3.41,-0.35,0.00
3.43,-0.36,0.00
3.45,-0.37,0.00
3.47,-0.39,0.00
3.49,-0.40,0.00
3.51,-0.41,0.00
3.53,-0.42,0.00
3.55,-0.43,0.00
3.57,-0.45,0.00
3.59,-0.46,0.00
3.61,-0.47,0.00
3.63,-0.48,0.00
3.65,-0.50,0.00
3.67,-0.51,0.00
3.69,-0.52,0.00
3.71,-0.54,0.00
3.73,-0.55,0.00
3.75,-0.56,0.00
3.77,-0.57,0.00
3.79,-0.59,0.00
3.81,-0.60,0.00
3.83,-0.61,0.00
3.85,-0.62,0.00
3.87,-0.64,0.00
3.89,-0.65,0.00
3.91,-0.66,0.00
3.93,-0.68,0.00
3.95,-0.69,0.00
3.97,-0.70,0.00
3.99,-0.71,0.00
4.01,-0.73,0.00
4.03,-0.74,0.00
4.05,-0.75,0.00
4.07,-0.77,0.00
4.09,-0.78,0.00
4.11,-0.79,0.00
4.13,-0.81,0.00
4.15,-0.82,0.00
4.17,-0.83,0.00
4.19,-0.85,0.00
4.21,-0.86,0.00
4.23,-0.87,0.00
4.25,-0.89,0.00
4.27,-0.90,0.00
4.29,-0.91,0.00
4.31,-0.93,0.00
4.32,-0.94,0.00
4.34,-0.95,0.00
4.36,-0.97,0.00
4.38,-0.98,0.00
4.40,-0.99,0.00
4.42,-1.01,0.00
4.44,-1.02,0.00
4.46,-1.03,0.00
4.48,-1.05,0.00
4.50,-1.06,0.00
4.52,-1.07,0.00
4.54,-1.09,0.00
4.56,-1.10,0.00
4.58,-1.11,0.00
4.60,-1.13,0.00
4.62,-1.14,0.00
4.64,-1.15,0.00
4.66,-1.17,0.00
4.68,-1.18,0.00
4.70,-1.19,0.00
4.72,-1.21,0.00
4.74,-1.22,0.00
4.76,-1.23,0.00
4.78,-1.25,0.00
4.80,-1.26,0.00
4.82,-1.28,0.00
4.83,-1.29,0.00
4.85,-1.30,0.00
4.87,-1.32,0.00
4.89,-1.33,0.00
4.91,-1.34,0.00
4.93,-1.36,0.00
4.95,-1.37,0.00
4.97,-1.38,0.00
4.99,-1.40,0.00
5.01,-1.41,0.00
5.03,-1.42,0.00
5.05,-1.44,0.00
5.07,-1.45,0.00
5.09,-1.46,0.00
5.11,-1.48,0.00
5.13,-1.49,0.00
5.15,-1.51,0.00
5.17,-1.52,0.00
5.19,-1.53,0.00
5.21,-1.55,0.00
5.22,-1.56,0.00
5.24,-1.57,0.00
5.26,-1.59,0.00
5.28,-1.60,0.00
5.30,-1.61,0.00
5.32,-1.63,0.00
5.34,-1.64,0.00
5.36,-1.65,0.00
5.38,-1.67,0.00
5.40,-1.68,0.00
5.42,-1.69,0.00
5.44,-1.71,0.00
5.46,-1.72,0.00
5.48,-1.73,0.00
5.50,-1.75,0.00
5.52,-1.76,0.00
5.53,-1.77,0.00
5.55,-1.79,0.00
5.57,-1.80,0.00
5.59,-1.81,0.00
5.61,-1.83,0.00
5.63,-1.84,0.00
5.65,-1.85,0.00
5.67,-1.87,0.00
5.69,-1.88,0.00
5.71,-1.89,0.00
5.73,-1.91,0.00
5.75,-1.92,0.00
5.77,-1.93,0.00
5.79,-1.95,0.00
5.81,-1.96,0.00
5.83,-1.97,0.00
5.84,-1.99,0.00
5.86,-2.00,0.00
5.88,-2.01,0.00
5.90,-2.02,0.00
5.92,-2.04,0.00
5.94,-2.05,0.00
5.96,-2.06,0.00
5.98,-2.08,0.00
6.00,-2.09,0.00
6.02,-2.10,0.00
6.04,-2.12,0.00
6.06,-2.13,0.00
6.08,-2.14,0.00
6.10,-2.15,0.00
6.11,-2.17,0.00
6.13,-2.18,0.00
6.15,-2.19,0.00
6.17,-2.20,0.00
6.19,-2.22,0.00
6.21,-2.23,0.00
6.23,-2.24,0.00
6.25,-2.25,0.00
6.27,-2.27,0.00
6.29,-2.28,0.00
6.31,-2.29,0.00
6.33,-2.30,0.00
6.35,-2.32,0.00
6.36,-2.33,0.00
6.38,-2.34,0.00
6.40,-2.35,0.00
6.42,-2.37,0.00
6.44,-2.38,0.00
6.46,-2.39,0.00
6.48,-2.40,0.00
6.50,-2.41,0.00
6.52,-2.43,0.00
6.54,-2.44,0.00
6.56,-2.45,0.00
6.58,-2.46,0.00
6.60,-2.47,0.00
6.61,-2.49,0.00
6.63,-2.50,0.00
6.65,-2.51,0.00
6.67,-2.52,0.00
6.69,-2.53,0.00
6.71,-2.55,0.00
6.73,-2.56,0.00
6.75,-2.57,0.00
6.77,-2.58,0.00
6.79,-2.59,0.00
6.81,-2.60,0.00
6.83,-2.61,0.00
6.84,-2.63,0.00
6.86,-2.64,0.00
6.88,-2.65,0.00
6.90,-2.66,0.00
6.92,-2.67,0.00
6.94,-2.68,0.00
6.96,-2.69,0.00
6.98,-2.70,0.00
7.00,-2.72,0.00
7.02,-2.73,0.00
7.04,-2.74,0.00
7.05,-2.75,0.00
7.07,-2.76,0.00
7.09,-2.77,0.00
7.11,-2.78,0.00
7.13,-2.79,0.00
7.15,-2.80,0.00
7.17,-2.81,0.00
7.19,-2.82,0.00
7.21,-2.83,0.00
7.23,-2.84,0.00
7.25,-2.85,0.00
7.26,-2.86,0.00
7.28,-2.87,0.00
7.30,-2.89,0.00
7.32,-2.90,0.00
7.34,-2.91,0.00
7.36,-2.92,0.00
7.38,-2.93,0.00
7.40,-2.94,0.00
7.42,-2.95,0.00
7.44,-2.96,0.00
7.46,-2.96,0.00
7.47,-2.97,0.00
7.49,-2.98,0.00
7.51,-2.99,0.00
7.53,-3.00,0.00
7.55,-3.01,0.00
7.57,-3.02,0.00
7.59,-3.03,0.00
7.61,-3.04,0.00
7.63,-3.05,0.00
7.65,-3.06,0.00
7.66,-3.07,0.00
7.68,-3.08,0.00
7.70,-3.09,0.00
7.72,-3.10,0.00
7.74,-3.10,0.00
7.76,-3.11,0.00
7.78,-3.12,0.00
7.80,-3.13,0.00
7.82,-3.14,0.00
7.83,-3.15,0.00
7.85,-3.16,0.00
7.87,-3.17,0.00
7.89,-3.17,0.00
7.91,-3.18,0.00
7.93,-3.19,0.00
7.95,-3.20,0.00
7.97,-3.21,0.00
7.99,-3.21,0.00
8.00,-3.22,0.00
8.02,-3.23,0.00
8.04,-3.24,0.00
8.06,-3.25,0.00
8.08,-3.25,0.00
8.10,-3.26,0.00
8.12,-3.27,0.00
8.14,-3.28,0.00
8.16,-3.28,0.00
8.17,-3.29,0.00
8.19,-3.30,0.00
8.21,-3.31,0.00
8.23,-3.31,0.00
8.25,-3.32,0.00
8.27,-3.33,0.00
8.29,-3.34,0.00
8.31,-3.34,0.00
8.33,-3.35,0.00
8.34,-3.36,0.00
8.36,-3.36,0.00
8.38,-3.37,0.00
8.40,-3.38,0.00
8.42,-3.38,0.00
8.44,-3.39,0.00
8.46,-3.40,0.00
8.48,-3.40,0.00
8.49,-3.41,0.00
8.51,-3.41,0.00
8.53,-3.42,0.00
8.55,-3.43,0.00
8.57,-3.43,0.00
8.59,-3.44,0.00
8.61,-3.44,0.00
8.63,-3.45,0.00
8.64,-3.46,0.00
8.66,-3.46,0.00
8.68,-3.47,0.00
8.70,-3.47,0.00
8.72,-3.48,0.00
8.74,-3.48,0.00
8.76,-3.49,0.00
8.78,-3.49,0.00
8.79,-3.50,0.00
8.81,-3.50,0.00
8.83,-3.51,0.00
8.85,-3.51,0.00
8.87,-3.52,0.00
8.89,-3.52,0.00
8.91,-3.53,0.00
8.93,-3.53,0.00
8.94,-3.54,0.00
8.96,-3.54,0.00
8.98,-3.55,0.00
9.00,-3.55,0.00
9.02,-3.56,0.00
9.04,-3.56,0.00
9.06,-3.56,0.00
9.07,-3.57,0.00
9.09,-3.57,0.00
9.11,-3.58,0.00
9.13,-3.58,0.00
9.15,-3.58,0.00
9.17,-3.59,0.00
9.19,-3.59,0.00
9.20,-3.59,0.00
9.22,-3.60,0.00
9.24,-3.60,0.00
9.26,-3.60,0.00
9.28,-3.61,0.00
9.30,-3.61,0.00
9.32,-3.61,0.00
9.34,-3.62,0.00
9.35,-3.62,0.00
9.37,-3.62,0.00
9.39,-3.63,0.00
9.41,-3.63,0.00
9.43,-3.63,0.00
9.45,-3.63,0.00
9.47,-3.64,0.00
9.48,-3.64,0.00
9.50,-3.64,0.00
9.52,-3.64,0.00
9.54,-3.65,0.00
9.56,-3.65,0.00
9.58,-3.65,0.00
9.60,-3.65,0.00
9.61,-3.65,0.00
9.63,-3.66,0.00
9.65,-3.66,0.00
9.67,-3.66,0.00
9.69,-3.66,0.00
9.71,-3.66,0.00
9.73,-3.66,0.00
9.74,-3.67,0.00
9.76,-3.67,0.00
9.78,-3.67,0.00
9.80,-3.67,0.00
9.82,-3.67,0.00
9.84,-3.67,0.00
9.86,-3.67,0.00
9.87,-3.67,0.00
9.89,-3.67,0.00
9.91,-3.67,0.00
9.93,-3.67,0.00
9.95,-3.68,0.00
9.97,-3.68,0.00
9.99,-3.68,0.00
10.00,-3.68,0.00
10.02,-3.68,0.00
10.04,-3.68,0.00
10.06,-3.68,0.00
10.08,-3.68,0.00
10.10,-3.68,0.00
10.12,-3.68,0.00
10.14,-3.68,0.00
10.15,-3.68,0.00
10.17,-3.68,0.00
10.19,-3.68,0.00
10.21,-3.68,0.00
10.23,-3.67,0.00
10.25,-3.67,0.00
10.27,-3.67,0.00
10.28,-3.67,0.00
10.30,-3.67,0.00
10.32,-3.67,0.00
10.34,-3.67,0.00
10.36,-3.67,0.00
10.38,-3.67,0.00
10.40,-3.67,0.00
10.42,-3.66,0.00
10.43,-3.66,0.00
10.45,-3.66,0.00
10.47,-3.66,0.00
10.49,-3.66,0.00
10.51,-3.66,0.00
10.53,-3.66,0.00
10.55,-3.65,0.00
10.56,-3.65,0.00
10.58,-3.65,0.00
10.60,-3.65,0.00
10.62,-3.65,0.00
10.64,-3.64,0.00
10.66,-3.64,0.00
10.68,-3.64,0.00
10.70,-3.64,0.00
10.72,-3.63,0.00
10.73,-3.63,0.00
10.75,-3.63,0.00
10.77,-3.63,0.00
10.79,-3.62,0.00
10.81,-3.62,0.00
10.83,-3.62,0.00
10.85,-3.61,0.00
10.87,-3.61,0.00
10.88,-3.61,0.00
10.90,-3.60,0.00
10.92,-3.60,0.00
10.94,-3.60,0.00
10.96,-3.59,0.00
10.98,-3.59,0.00
11.00,-3.59,0.00
11.02,-3.58,0.00
11.04,-3.58,0.00
11.05,-3.57,0.00
11.07,-3.57,0.00
11.09,-3.57,0.00
11.11,-3.56,0.00
11.13,-3.56,0.00
11.15,-3.55,0.00
11.17,-3.55,0.00
11.19,-3.55,0.00
11.21,-3.54,0.00
11.23,-3.54,0.00
11.24,-3.53,0.00
11.26,-3.53,0.00
11.28,-3.52,0.00
11.30,-3.52,0.00
11.32,-3.51,0.00
11.34,-3.51,0.00
11.36,-3.50,0.00
11.38,-3.50,0.00
11.40,-3.49,0.00
11.42,-3.49,0.00
11.44,-3.48,0.00
11.45,-3.48,0.00
11.47,-3.47,0.00
11.49,-3.47,0.00
11.51,-3.46,0.00
11.53,-3.45,0.00
11.55,-3.45,0.00
11.57,-3.44,0.00
11.59,-3.44,0.00
11.61,-3.43,0.00
11.63,-3.42,0.00
11.65,-3.42,0.00
11.66,-3.41,0.00
11.68,-3.41,0.00
11.70,-3.40,0.00
11.72,-3.39,0.00
11.74,-3.39,0.00
11.76,-3.38,0.00
11.78,-3.37,0.00
11.80,-3.37,0.00
11.82,-3.36,0.00
11.84,-3.35,0.00
11.86,-3.35,0.00
11.88,-3.34,0.00
11.90,-3.33,0.00
11.91,-3.33,0.00
11.93,-3.32,0.00
11.95,-3.31,0.00
11.97,-3.30,0.00
11.99,-3.30,0.00
12.01,-3.29,0.00
12.03,-3.28,0.00
12.05,-3.28,0.00
12.07,-3.27,0.00
12.09,-3.26,0.00
12.11,-3.25,0.00
12.13,-3.24,0.00
12.15,-3.24,0.00
12.17,-3.23,0.00
12.19,-3.22,0.00
12.20,-3.21,0.00
12.22,-3.20,0.00
12.24,-3.20,0.00
12.26,-3.19,0.00
12.28,-3.18,0.00
12.30,-3.17,0.00
12.32,-3.16,0.00
12.34,-3.16,0.00
12.36,-3.15,0.00
12.38,-3.14,0.00
12.40,-3.13,0.00
12.42,-3.12,0.00
12.44,-3.11,0.00
12.46,-3.10,0.00
12.48,-3.09,0.00
12.50,-3.09,0.00
12.52,-3.08,0.00
12.54,-3.07,0.00
12.55,-3.06,0.00
12.57,-3.05,0.00
12.59,-3.04,0.00
12.61,-3.03,0.00
12.63,-3.02,0.00
12.65,-3.01,0.00
12.67,-3.00,0.00
12.69,-2.99,0.00
12.71,-2.98,0.00
12.73,-2.97,0.00
12.75,-2.96,0.00
12.77,-2.96,0.00
12.79,-2.95,0.00
12.81,-2.94,0.00
12.83,-2.93,0.00
12.85,-2.92,0.00
12.87,-2.91,0.00
12.89,-2.90,0.00
12.91,-2.89,0.00
12.93,-2.88,0.00
12.95,-2.87,0.00
12.97,-2.86,0.00
12.99,-2.85,0.00
13.00,-2.84,0.00
13.02,-2.83,0.00
13.04,-2.81,0.00
13.06,-2.80,0.00
13.08,-2.79,0.00
13.10,-2.78,0.00
13.12,-2.77,0.00
13.14,-2.76,0.00
13.16,-2.75,0.00
13.18,-2.74,0.00
13.20,-2.73,0.00
13.22,-2.72,0.00
13.24,-2.71,0.00
13.26,-2.70,0.00
13.28,-2.69,0.00
13.30,-2.68,0.00
13.32,-2.67,0.00
13.34,-2.65,0.00
13.36,-2.64,0.00
13.38,-2.63,0.00
13.40,-2.62,0.00
13.42,-2.61,0.00
13.44,-2.60,0.00
13.46,-2.59,0.00
13.48,-2.58,0.00
13.50,-2.56,0.00
13.51,-2.55,0.00
13.53,-2.54,0.00
13.55,-2.53,0.00
13.57,-2.52,0.00
13.59,-2.51,0.00
13.61,-2.49,0.00
13.63,-2.48,0.00
13.65,-2.47,0.00
13.67,-2.46,0.00
13.69,-2.45,0.00
13.71,-2.43,0.00
13.73,-2.42,0.00
13.75,-2.41,0.00
13.77,-2.40,0.00
13.79,-2.39,0.00
13.81,-2.37,0.00
13.83,-2.36,0.00
13.85,-2.35,0.00
13.87,-2.34,0.00
13.89,-2.32,0.00
13.91,-2.31,0.00
13.93,-2.30,0.00
13.95,-2.29,0.00
13.96,-2.27,0.00
13.98,-2.26,0.00
14.00,-2.25,0.00
14.02,-2.24,0.00
14.04,-2.22,0.00
14.06,-2.21,0.00
14.08,-2.20,0.00
14.10,-2.19,0.00
14.12,-2.17,0.00
14.14,-2.16,0.00
14.16,-2.15,0.00
14.18,-2.14,0.00
14.20,-2.12,0.00
14.22,-2.11,0.00
14.24,-2.10,0.00
14.26,-2.08,0.00
14.28,-2.07,0.00
14.30,-2.06,0.00
14.32,-2.04,0.00
14.33,-2.03,0.00
14.35,-2.02,0.00
14.37,-2.01,0.00
14.39,-1.99,0.00
14.41,-1.98,0.00
14.43,-1.97,0.00
14.45,-1.95,0.00
14.47,-1.94,0.00
14.49,-1.93,0.00
14.51,-1.91,0.00
14.53,-1.90,0.00
14.55,-1.89,0.00
14.57,-1.87,0.00
14.59,-1.86,0.00
14.61,-1.85,0.00
14.63,-1.83,0.00
14.65,-1.82,0.00
14.67,-1.81,0.00
14.68,-1.79,0.00
14.70,-1.78,0.00
14.72,-1.76,0.00
14.74,-1.75,0.00
14.76,-1.74,0.00
14.78,-1.72,0.00
14.80,-1.71,0.00
14.82,-1.70,0.00
14.84,-1.68,0.00
14.86,-1.67,0.00
14.88,-1.66,0.00
14.90,-1.64,0.00
14.92,-1.63,0.00
14.94,-1.62,0.00
14.96,-1.60,0.00
14.98,-1.59,0.00
14.99,-1.57,0.00
15.01,-1.56,0.00
15.03,-1.55,0.00
15.05,-1.53,0.00
15.07,-1.52,0.00
15.09,-1.51,0.00
15.11,-1.49,0.00
15.13,-1.48,0.00
15.15,-1.46,0.00
15.17,-1.45,0.00
15.19,-1.44,0.00
15.21,-1.42,0.00
15.23,-1.41,0.00
15.25,-1.40,0.00
15.27,-1.38,0.00
15.28,-1.37,0.00
15.30,-1.36,0.00
15.32,-1.34,0.00
15.34,-1.33,0.00
15.36,-1.31,0.00
15.38,-1.30,0.00
15.40,-1.29,0.00
15.42,-1.27,0.00
15.44,-1.26,0.00
15.46,-1.25,0.00
15.48,-1.23,0.00
15.50,-1.22,0.00
15.52,-1.20,0.00
15.54,-1.19,0.00
15.56,-1.18,0.00
15.58,-1.16,0.00
15.59,-1.15,0.00
15.61,-1.14,0.00
15.63,-1.12,0.00
15.65,-1.11,0.00
15.67,-1.09,0.00
15.69,-1.08,0.00
15.71,-1.07,0.00
15.73,-1.05,0.00
15.75,-1.04,0.00
15.77,-1.03,0.00
15.79,-1.01,0.00
15.81,-1.00,0.00
15.83,-0.99,0.00
15.85,-0.97,0.00
15.87,-0.96,0.00
15.89,-0.94,0.00
15.91,-0.93,0.00
15.92,-0.92,0.00
15.94,-0.90,0.00
15.96,-0.89,0.00
15.98,-0.88,0.00
16.00,-0.86,0.00
16.02,-0.85,0.00
16.04,-0.84,0.00
16.06,-0.82,0.00
16.08,-0.81,0.00
16.10,-0.80,0.00
16.12,-0.78,0.00
16.14,-0.77,0.00
16.16,-0.76,0.00
16.18,-0.74,0.00
16.20,-0.73,0.00
16.22,-0.72,0.00
16.24,-0.70,0.00
16.26,-0.69,0.00
16.28,-0.68,0.00
16.29,-0.66,0.00
16.31,-0.65,0.00
16.33,-0.64,0.00
16.35,-0.62,0.00
16.37,-0.61,0.00
16.39,-0.60,0.00
16.41,-0.59,0.00
16.43,-0.57,0.00
16.45,-0.56,0.00
16.47,-0.55,0.00
16.49,-0.53,0.00
16.51,-0.52,0.00
16.53,-0.51,0.00
16.55,-0.50,0.00
16.57,-0.48,0.00
16.59,-0.47,0.00
16.61,-0.46,0.00
16.63,-0.44,0.00
16.65,-0.43,0.00
16.67,-0.42,0.00
16.69,-0.41,0.00
16.71,-0.39,0.00
16.73,-0.38,0.00
16.75,-0.37,0.00
16.77,-0.36,0.00
16.79,-0.34,0.00
16.81,-0.33,0.00
16.83,-0.32,0.00
16.85,-0.31,0.00
16.87,-0.29,0.00
16.89,-0.28,0.00
16.91,-0.27,0.00
16.93,-0.26,0.00
16.95,-0.25,0.00
16.97,-0.23,0.00
16.99,-0.22,0.00
17.01,-0.21,0.00
17.03,-0.20,0.00
17.05,-0.18,0.00
17.07,-0.17,0.00
17.09,-0.16,0.00
17.11,-0.15,0.00
17.13,-0.14,0.00
17.15,-0.13,0.00
17.17,-0.11,0.00
17.19,-0.10,0.00
17.21,-0.09,0.00
17.23,-0.08,0.00
17.25,-0.07,0.00
17.27,-0.06,0.00
17.29,-0.04,0.00
17.31,-0.03,0.00
17.33,-0.02,0.00
17.35,-0.01,0.00
17.37,0.00,0.00
17.39,0.01,0.00
17.41,0.02,0.00
17.43,0.03,0.00
17.45,0.05,0.00
17.47,0.06,0.00
17.49,0.07,0.00
17.51,0.08,0.00
17.53,0.09,0.00
17.55,0.10,0.00
17.57,0.11,0.00
17.59,0.12,0.00
17.61,0.13,0.00
17.63,0.14,0.00
17.65,0.15,0.00
17.67,0.17,0.00
17.69,0.18,0.00
17.72,0.19,0.00
17.74,0.20,0.00
17.76,0.21,0.00
17.78,0.22,0.00
17.80,0.23,0.00
17.82,0.24,0.00
17.84,0.25,0.00
17.86,0.26,0.00
17.88,0.27,0.00
17.90,0.28,0.00
17.92,0.29,0.00
17.94,0.30,0.00
17.97,0.31,0.00
17.99,0.32,0.00
18.01,0.33,0.00
18.03,0.34,0.00
18.05,0.35,0.00
18.07,0.36,0.00
18.09,0.37,0.00
18.11,0.37,0.00
18.13,0.38,0.00
18.16,0.39,0.00
18.18,0.40,0.00
18.20,0.41,0.00
18.22,0.42,0.00
18.24,0.43,0.00
18.26,0.44,0.00
18.28,0.45,0.00
18.31,0.46,0.00
18.33,0.47,0.00
18.35,0.47,0.00
18.37,0.48,0.00
18.39,0.49,0.00
18.41,0.50,0.00
18.44,0.51,0.00
18.46,0.52,0.00
18.48,0.52,0.00
18.50,0.53,0.00
18.52,0.54,0.00
18.54,0.55,0.00
18.57,0.56,0.00
18.59,0.57,0.00
18.61,0.57,0.00
18.63,0.58,0.00
18.65,0.59,0.00
18.68,0.60,0.00
18.70,0.60,0.00
18.72,0.61,0.00
18.74,0.62,0.00
18.76,0.63,0.00
18.79,0.63,0.00
18.81,0.64,0.00
18.83,0.65,0.00
18.85,0.66,0.00
18.88,0.66,0.00
18.90,0.67,0.00
18.92,0.68,0.00
18.94,0.68,0.00
18.97,0.69,0.00
18.99,0.70,0.00
19.01,0.70,0.00
19.03,0.71,0.00
19.06,0.72,0.00
19.08,0.72,0.00
19.10,0.73,0.00
19.12,0.73,0.00
19.15,0.74,0.00
19.17,0.75,0.00
19.19,0.75,0.00
19.22,0.76,0.00
19.24,0.76,0.00
19.26,0.77,0.00
19.28,0.77,0.00
19.31,0.78,0.00
19.33,0.79,0.00
19.35,0.79,0.00
19.38,0.80,0.00
19.40,0.80,0.00
19.42,0.81,0.00
19.45,0.81,0.00
19.47,0.82,0.00
19.49,0.82,0.00
19.52,0.82,0.00
19.54,0.83,0.00
19.56,0.83,0.00
19.59,0.84,0.00
19.61,0.84,0.00
19.63,0.85,0.00
19.66,0.85,0.00
19.68,0.85,0.00
19.70,0.86,0.00
19.73,0.86,0.00
19.75,0.87,0.00
19.77,0.87,0.00
19.80,0.87,0.00
19.82,0.88,0.00
19.85,0.88,0.00
19.87,0.88,0.00
19.89,0.89,0.00
19.92,0.89,0.00
19.94,0.89,0.00
19.96,0.90,0.00
19.99,0.90,0.00
20.01,0.90,0.00
20.04,0.90,0.00
20.06,0.91,0.00
20.08,0.91,0.00
20.11,0.91,0.00
20.13,0.91,0.00
20.16,0.92,0.00
20.18,0.92,0.00
20.20,0.92,0.00
20.23,0.92,0.00
20.25,0.92,0.00
20.28,0.92,0.00
20.30,0.93,0.00
20.32,0.93,0.00
20.35,0.93,0.00
20.37,0.93,0.00
20.40,0.93,0.00
20.42,0.93,0.00
20.45,0.93,0.00
20.47,0.93,0.00
20.49,0.94,0.00
20.52,0.94,0.00
20.54,0.94,0.00
20.57,0.94,0.00
20.59,0.94,0.00
20.62,0.94,0.00
20.64,0.94,0.00
20.66,0.94,0.00
20.69,0.94,0.00
20.71,0.94,0.00
20.74,0.94,0.00
20.76,0.94,0.00
20.79,0.94,0.00
20.81,0.94,0.00
20.83,0.94,0.00
20.86,0.93,0.00
20.88,0.93,0.00
20.91,0.93,0.00
20.93,0.93,0.00
20.96,0.93,0.00
20.98,0.93,0.00
21.01,0.93,0.00
21.03,0.93,0.00
21.05,0.93,0.00
21.08,0.92,0.00
21.10,0.92,0.00
21.13,0.92,0.00
21.15,0.92,0.00
21.18,0.92,0.00
21.20,0.92,0.00
21.23,0.91,0.00
21.25,0.91,0.00
21.27,0.91,0.00
21.30,0.91,0.00
21.32,0.90,0.00
21.35,0.90,0.00
21.37,0.90,0.00
21.40,0.90,0.00
21.42,0.89,0.00
21.44,0.89,0.00
21.47,0.89,0.00
21.49,0.88,0.00
21.52,0.88,0.00
21.54,0.88,0.00
21.57,0.87,0.00
21.59,0.87,0.00
21.62,0.87,0.00
21.64,0.86,0.00
21.66,0.86,0.00
21.69,0.86,0.00
21.71,0.85,0.00
21.74,0.85,0.00
21.76,0.84,0.00
21.79,0.84,0.00
21.81,0.84,0.00
21.83,0.83,0.00
21.86,0.83,0.00
21.88,0.82,0.00
21.91,0.82,0.00
21.93,0.81,0.00
21.95,0.81,0.00
21.98,0.80,0.00
22.00,0.80,0.00
22.03,0.79,0.00
22.05,0.79,0.00
22.08,0.78,0.00
22.10,0.78,0.00
22.12,0.77,0.00
22.15,0.77,0.00
22.17,0.76,0.00
22.20,0.76,0.00
22.22,0.75,0.00
22.24,0.75,0.00
22.27,0.74,0.00
22.29,0.73,0.00
22.32,0.73,0.00
22.34,0.72,0.00
22.36,0.72,0.00
22.39,0.71,0.00
22.41,0.70,0.00
22.43,0.70,0.00
22.46,0.69,0.00
22.48,0.68,0.00
22.51,0.68,0.00
22.53,0.67,0.00
22.55,0.66,0.00
22.58,0.66,0.00
22.60,0.65,0.00
22.63,0.64,0.00
22.65,0.64,0.00
22.67,0.63,0.00
22.70,0.62,0.00
22.72,0.62,0.00
22.74,0.61,0.00
22.77,0.60,0.00
22.79,0.60,0.00
22.81,0.59,0.00
22.84,0.58,0.00
22.86,0.57,0.00
22.88,0.57,0.00
22.91,0.56,0.00
22.93,0.55,0.00
22.96,0.54,0.00
22.98,0.53,0.00
23.00,0.53,0.00
23.03,0.52,0.00
23.05,0.51,0.00
23.07,0.50,0.00
23.10,0.49,0.00
23.12,0.49,0.00
23.14,0.48,0.00
23.17,0.47,0.00
23.19,0.46,0.00
23.21,0.45,0.00
23.24,0.44,0.00
23.26,0.44,0.00
23.28,0.43,0.00
23.31,0.42,0.00
23.33,0.41,0.00
23.35,0.40,0.00
23.37,0.39,0.00
23.40,0.38,0.00
23.42,0.38,0.00
23.44,0.37,0.00
23.47,0.36,0.00
23.49,0.35,0.00
23.51,0.34,0.00
23.54,0.33,0.00
23.56,0.32,0.00
23.58,0.31,0.00
23.60,0.30,0.00
23.63,0.29,0.00
23.65,0.28,0.00
23.67,0.27,0.00
23.70,0.27,0.00
23.72,0.26,0.00
23.74,0.25,0.00
23.76,0.24,0.00
23.79,0.23,0.00
23.81,0.22,0.00
23.83,0.21,0.00
23.85,0.20,0.00
23.88,0.19,0.00
23.90,0.18,0.00
23.92,0.17,0.00
23.95,0.16,0.00
23.97,0.15,0.00
23.99,0.14,0.00
24.01,0.13,0.00
24.04,0.12,0.00
24.06,0.11,0.00
24.08,0.10,0.00
24.10,0.09,0.00
24.13,0.08,0.00
24.15,0.07,0.00
24.17,0.06,0.00
24.19,0.05,0.00
24.21,0.04,0.00
24.24,0.03,0.00
24.26,0.02,0.00
24.28,0.01,0.00
24.30,-0.01,0.00
24.33,-0.02,0.00
24.35,-0.03,0.00
24.37,-0.04,0.00
24.39,-0.05,0.00
24.41,-0.06,0.00
24.44,-0.07,0.00
24.46,-0.08,0.00
24.48,-0.09,0.00
24.50,-0.10,0.00
24.52,-0.11,0.00
24.55,-0.12,0.00
24.57,-0.13,0.00
24.59,-0.14,0.00
24.61,-0.16,0.00
24.63,-0.17,0.00
24.66,-0.18,0.00
24.68,-0.19,0.00
24.70,-0.20,0.00
24.72,-0.21,0.00
24.74,-0.22,0.00
24.77,-0.23,0.00
24.79,-0.24,0.00
24.81,-0.25,0.00
24.83,-0.27,0.00
24.85,-0.28,0.00
24.87,-0.29,0.00
24.90,-0.30,0.00
24.92,-0.31,0.00
24.94,-0.32,0.00
24.96,-0.33,0.00
24.98,-0.34,0.00
25.00,-0.36,0.00
25.03,-0.37,0.00
25.05,-0.38,0.00
25.07,-0.39,0.00
25.09,-0.40,0.00
25.11,-0.41,0.00
25.13,-0.42,0.00
25.15,-0.44,0.00
25.18,-0.45,0.00
25.20,-0.46,0.00
25.22,-0.47,0.00
25.24,-0.48,0.00
25.26,-0.49,0.00
25.28,-0.50,0.00
25.30,-0.52,0.00
25.32,-0.53,0.00
25.34,-0.54,0.00
25.37,-0.55,0.00
25.39,-0.56,0.00
25.41,-0.57,0.00
25.43,-0.58,0.00
25.45,-0.60,0.00
25.47,-0.61,0.00
25.49,-0.62,0.00
25.51,-0.63,0.00
25.53,-0.64,0.00
25.56,-0.65,0.00
25.58,-0.67,0.00
25.60,-0.68,0.00
25.62,-0.69,0.00
25.64,-0.70,0.00
25.66,-0.71,0.00
25.68,-0.72,0.00
25.70,-0.73,0.00
25.72,-0.75,0.00
25.74,-0.76,0.00
25.76,-0.77,0.00
25.78,-0.78,0.00
25.80,-0.79,0.00
25.82,-0.80,0.00
25.85,-0.82,0.00
25.87,-0.83,0.00
25.89,-0.84,0.00
25.91,-0.85,0.00
25.93,-0.86,0.00
25.95,-0.87,0.00
25.97,-0.88,0.00
25.99,-0.90,0.00
26.01,-0.91,0.00
26.03,-0.92,0.00
26.05,-0.93,0.00
26.07,-0.94,0.00
26.09,-0.95,0.00
26.11,-0.97,0.00
26.13,-0.98,0.00
26.15,-0.99,0.00
26.17,-1.00,0.00
26.19,-1.01,0.00
26.21,-1.02,0.00
26.23,-1.03,0.00
26.25,-1.05,0.00
26.27,-1.06,0.00
26.29,-1.07,0.00
26.31,-1.08,0.00
26.33,-1.09,0.00
26.35,-1.10,0.00
26.37,-1.11,0.00
26.39,-1.12,0.00
26.41,-1.14,0.00
26.43,-1.15,0.00
26.45,-1.16,0.00
26.47,-1.17,0.00
26.49,-1.18,0.00
26.51,-1.19,0.00
26.53,-1.20,0.00
26.55,-1.21,0.00
26.57,-1.23,0.00
26.59,-1.24,0.00
26.61,-1.25,0.00
26.63,-1.26,0.00
26.65,-1.27,0.00
26.67,-1.28,0.00
26.68,-1.29,0.00
26.70,-1.30,0.00
26.72,-1.31,0.00
26.74,-1.33,0.00
26.76,-1.34,0.00
26.78,-1.35,0.00
26.80,-1.36,0.00
26.82,-1.37,0.00
26.84,-1.38,0.00
26.86,-1.39,0.00
26.88,-1.40,0.00
26.90,-1.41,0.00
26.92,-1.42,0.00
26.93,-1.43,0.00
26.95,-1.44,0.00
26.97,-1.46,0.00
26.99,-1.47,0.00
27.01,-1.48,0.00
27.03,-1.49,0.00
27.05,-1.50,0.00
27.07,-1.51,0.00
27.09,-1.52,0.00
27.10,-1.53,0.00
27.12,-1.54,0.00
27.14,-1.55,0.00
27.16,-1.56,0.00
27.18,-1.57,0.00
27.20,-1.58,0.00
27.22,-1.59,0.00
27.23,-1.60,0.00
27.25,-1.61,0.00
27.27,-1.62,0.00
27.29,-1.63,0.00
27.31,-1.64,0.00
27.33,-1.65,0.00
27.35,-1.66,0.00
27.36,-1.67,0.00
27.38,-1.68,0.00
27.40,-1.69,0.00
27.42,-1.70,0.00
27.44,-1.71,0.00
27.45,-1.72,0.00
27.47,-1.73,0.00
27.49,-1.74,0.00
27.51,-1.75,0.00
27.53,-1.76,0.00
27.55,-1.77,0.00
27.56,-1.78,0.00
27.58,-1.79,0.00
27.60,-1.80,0.00
27.62,-1.81,0.00
27.63,-1.82,0.00
27.65,-1.82,0.00
27.67,-1.83,0.00
27.69,-1.84,0.00
27.71,-1.85,0.00
27.72,-1.86,0.00
27.74,-1.87,0.00
27.76,-1.88,0.00
27.78,-1.89,0.00
27.79,-1.90,0.00
27.81,-1.91,0.00
27.83,-1.91,0.00
27.85,-1.92,0.00
27.86,-1.93,0.00
27.88,-1.94,0.00
27.90,-1.95,0.00
27.92,-1.96,0.00
27.93,-1.96,0.00
27.95,-1.97,0.00
27.97,-1.98,0.00
27.99,-1.99,0.00
28.00,-2.00,0.00
28.02,-2.00,0.00
28.04,-2.01,0.00
28.06,-2.02,0.00
28.07,-2.03,0.00
28.09,-2.04,0.00
28.11,-2.04,0.00
28.12,-2.05,0.00
28.14,-2.06,0.00
28.16,-2.07,0.00
28.17,-2.07,0.00
28.19,-2.08,0.00
28.21,-2.09,0.00
28.23,-2.10,0.00
28.24,-2.10,0.00
28.26,-2.11,0.00
28.28,-2.12,0.00
28.29,-2.12,0.00
28.31,-2.13,0.00
28.33,-2.14,0.00
28.34,-2.14,0.00
28.36,-2.15,0.00
28.38,-2.16,0.00
28.39,-2.16,0.00
28.41,-2.17,0.00
28.42,-2.18,0.00
28.44,-2.18,0.00
28.46,-2.19,0.00
28.47,-2.20,0.00
28.49,-2.20,0.00
28.51,-2.21,0.00
28.52,-2.22,0.00
28.54,-2.22,0.00
28.55,-2.23,0.00
28.57,-2.23,0.00
28.59,-2.24,0.00
28.60,-2.25,0.00
28.62,-2.25,0.00
28.63,-2.26,0.00
28.65,-2.26,0.00
28.67,-2.27,0.00
28.68,-2.27,0.00
28.70,-2.28,0.00
28.71,-2.28,0.00
28.73,-2.29,0.00
28.75,-2.29,0.00
28.76,-2.30,0.00
28.78,-2.30,0.00
28.79,-2.31,0.00
28.81,-2.31,0.00
28.82,-2.32,0.00
28.84,-2.32,0.00
28.85,-2.33,0.00
28.87,-2.33,0.00
28.89,-2.34,0.00
28.90,-2.34,0.00
28.92,-2.35,0.00
28.93,-2.35,0.00
28.95,-2.36,0.00
28.96,-2.36,0.00
28.98,-2.37,0.00
28.99,-2.37,0.00
29.01,-2.37,0.00
29.02,-2.38,0.00
29.04,-2.38,0.00
29.05,-2.39,0.00
29.07,-2.39,0.00
29.08,-2.39,0.00
29.10,-2.40,0.00
29.11,-2.40,0.00
29.13,-2.40,0.00
29.14,-2.41,0.00
29.16,-2.41,0.00
29.17,-2.42,0.00
29.19,-2.42,0.00
29.20,-2.42,0.00
29.21,-2.43,0.00
29.23,-2.43,0.00
29.24,-2.43,0.00
29.26,-2.43,0.00
29.27,-2.44,0.00
29.29,-2.44,0.00
29.30,-2.44,0.00
29.32,-2.45,0.00
29.33,-2.45,0.00
29.35,-2.45,0.00
29.36,-2.46,0.00
29.37,-2.46,0.00
29.39,-2.46,0.00
29.40,-2.46,0.00
29.42,-2.47,0.00
29.43,-2.47,0.00
29.44,-2.47,0.00
29.46,-2.47,0.00
29.47,-2.47,0.00
29.49,-2.48,0.00
29.50,-2.48,0.00
29.52,-2.48,0.00
29.53,-2.48,0.00
29.54,-2.49,0.00
29.56,-2.49,0.00
29.57,-2.49,0.00
29.59,-2.49,0.00
29.60,-2.49,0.00
29.61,-2.49,0.00
29.63,-2.50,0.00
29.64,-2.50,0.00
29.65,-2.50,0.00
29.67,-2.50,0.00
29.68,-2.50,0.00
29.70,-2.50,0.00
29.71,-2.51,0.00
29.72,-2.51,0.00
29.74,-2.51,0.00
29.75,-2.51,0.00
29.76,-2.51,0.00
29.78,-2.51,0.00
29.79,-2.51,0.00
29.81,-2.51,0.00
29.82,-2.52,0.00
29.83,-2.52,0.00
29.85,-2.52,0.00
29.86,-2.52,0.00
29.87,-2.52,0.00
29.89,-2.52,0.00
29.90,-2.52,0.00
29.91,-2.52,0.00
29.93,-2.52,0.00
29.94,-2.52,0.00
29.96,-2.52,0.00
29.97,-2.52,0.00
29.98,-2.52,0.00
30.00,-2.52,0.00
30.01,-2.52,0.00
30.02,-2.52,0.00
30.04,-2.52,0.00
30.05,-2.52,0.00
30.06,-2.52,0.00
30.08,-2.52,0.00
30.09,-2.52,0.00
30.11,-2.52,0.00
30.12,-2.52,0.00
30.13,-2.52,0.00
30.15,-2.52,0.00
30.16,-2.52,0.00
30.17,-2.52,0.00
30.19,-2.52,0.00
30.20,-2.52,0.00
30.22,-2.52,0.00
30.23,-2.52,0.00
30.24,-2.52,0.00
30.26,-2.52,0.00
30.27,-2.52,0.00
30.28,-2.52,0.00
30.30,-2.52,0.00
30.31,-2.52,0.00
30.33,-2.52,0.00
30.34,-2.52,0.00
30.35,-2.51,0.00
30.37,-2.51,0.00
30.38,-2.51,0.00
30.40,-2.51,0.00
30.41,-2.51,0.00
30.42,-2.51,0.00
30.44,-2.51,0.00
30.45,-2.51,0.00
30.47,-2.51,0.00
30.48,-2.50,0.00
30.50,-2.50,0.00
30.51,-2.50,0.00
30.52,-2.50,0.00
30.54,-2.50,0.00
30.55,-2.50,0.00
30.57,-2.49,0.00
30.58,-2.49,0.00
30.60,-2.49,0.00
30.61,-2.49,0.00
30.62,-2.49,0.00
30.64,-2.48,0.00
30.65,-2.48,0.00
30.67,-2.48,0.00
30.68,-2.48,0.00
30.70,-2.48,0.00
30.71,-2.47,0.00
30.73,-2.47,0.00
30.74,-2.47,0.00
30.76,-2.47,0.00
30.77,-2.46,0.00
30.79,-2.46,0.00
30.80,-2.46,0.00
30.82,-2.46,0.00
30.83,-2.45,0.00
30.85,-2.45,0.00
30.86,-2.45,0.00
30.88,-2.44,0.00
30.89,-2.44,0.00
30.91,-2.44,0.00
30.92,-2.43,0.00
30.94,-2.43,0.00
30.95,-2.43,0.00
30.97,-2.42,0.00
30.98,-2.42,0.00
31.00,-2.42,0.00
31.01,-2.41,0.00
31.03,-2.41,0.00
31.04,-2.41,0.00
31.06,-2.40,0.00
31.07,-2.40,0.00
31.09,-2.40,0.00
31.11,-2.39,0.00
31.12,-2.39,0.00
31.14,-2.38,0.00
31.15,-2.38,0.00
31.17,-2.38,0.00
31.18,-2.37,0.00
31.20,-2.37,0.00
31.22,-2.36,0.00
31.23,-2.36,0.00
31.25,-2.35,0.00
31.26,-2.35,0.00
31.28,-2.34,0.00
31.30,-2.34,0.00
31.31,-2.34,0.00
31.33,-2.33,0.00
31.35,-2.33,0.00
31.36,-2.32,0.00
31.38,-2.32,0.00
31.39,-2.31,0.00
31.41,-2.31,0.00
31.43,-2.30,0.00
31.44,-2.29,0.00
31.46,-2.29,0.00
31.48,-2.28,0.00
31.49,-2.28,0.00
31.51,-2.27,0.00
31.53,-2.27,0.00
31.54,-2.26,0.00
31.56,-2.26,0.00
31.58,-2.25,0.00
31.59,-2.24,0.00
31.61,-2.24,0.00
31.63,-2.23,0.00
31.64,-2.23,0.00
31.66,-2.22,0.00
31.68,-2.21,0.00
31.69,-2.21,0.00
31.71,-2.20,0.00
31.73,-2.20,0.00
31.75,-2.19,0.00
31.76,-2.18,0.00
31.78,-2.18,0.00
31.80,-2.17,0.00
31.82,-2.16,0.00
31.83,-2.16,0.00
31.85,-2.15,0.00
31.87,-2.14,0.00
31.88,-2.14,0.00
31.90,-2.13,0.00
31.92,-2.12,0.00
31.94,-2.11,0.00
31.95,-2.11,0.00
31.97,-2.10,0.00
31.99,-2.09,0.00
32.01,-2.09,0.00
32.03,-2.08,0.00
32.04,-2.07,0.00
32.06,-2.06,0.00
32.08,-2.06,0.00
32.10,-2.05,0.00
32.11,-2.04,0.00
32.13,-2.03,0.00
32.15,-2.03,0.00
32.17,-2.02,0.00
32.19,-2.01,0.00
32.20,-2.00,0.00
32.22,-1.99,0.00
32.24,-1.99,0.00
32.26,-1.98,0.00
32.28,-1.97,0.00
32.29,-1.96,0.00
32.31,-1.95,0.00
32.33,-1.94,0.00
32.35,-1.94,0.00
32.37,-1.93,0.00
32.39,-1.92,0.00
32.40,-1.91,0.00
32.42,-1.90,0.00
32.44,-1.89,0.00
32.46,-1.88,0.00
32.48,-1.88,0.00
32.50,-1.87,0.00
32.51,-1.86,0.00
32.53,-1.85,0.00
32.55,-1.84,0.00
32.57,-1.83,0.00
32.59,-1.82,0.00
32.61,-1.81,0.00
32.63,-1.80,0.00
32.64,-1.79,0.00
32.66,-1.79,0.00
32.68,-1.78,0.00
32.70,-1.77,0.00
32.72,-1.76,0.00
32.74,-1.75,0.00
32.76,-1.74,0.00
32.78,-1.73,0.00
32.80,-1.72,0.00
32.81,-1.71,0.00
32.83,-1.70,0.00
32.85,-1.69,0.00
32.87,-1.68,0.00
32.89,-1.67,0.00
32.91,-1.66,0.00
32.93,-1.65,0.00
32.95,-1.64,0.00
32.97,-1.63,0.00
32.99,-1.62,0.00
33.01,-1.61,0.00
33.02,-1.60,0.00
33.04,-1.59,0.00
33.06,-1.58,0.00
33.08,-1.57,0.00
33.10,-1.56,0.00
33.12,-1.55,0.00
33.14,-1.54,0.00
33.16,-1.53,0.00
33.18,-1.52,0.00
33.20,-1.51,0.00
33.22,-1.50,0.00
33.24,-1.49,0.00
33.26,-1.48,0.00
33.28,-1.47,0.00
33.30,-1.45,0.00
33.32,-1.44,0.00
33.34,-1.43,0.00
33.35,-1.42,0.00
33.37,-1.41,0.00
33.39,-1.40,0.00
33.41,-1.39,0.00
33.43,-1.38,0.00
33.45,-1.37,0.00
33.47,-1.36,0.00
33.49,-1.35,0.00
33.51,-1.34,0.00
33.53,-1.33,0.00
33.55,-1.31,0.00
33.57,-1.30,0.00
33.59,-1.29,0.00
33.61,-1.28,0.00
33.63,-1.27,0.00
33.65,-1.26,0.00
33.67,-1.25,0.00
33.69,-1.24,0.00
33.71,-1.23,0.00
33.73,-1.21,0.00
33.75,-1.20,0.00
33.77,-1.19,0.00
33.79,-1.18,0.00
33.81,-1.17,0.00
33.83,-1.16,0.00
33.85,-1.15,0.00
33.87,-1.13,0.00
33.89,-1.12,0.00
33.91,-1.11,0.00
33.93,-1.10,0.00
33.95,-1.09,0.00
33.97,-1.08,0.00
33.99,-1.07,0.00
34.01,-1.05,0.00
34.03,-1.04,0.00
34.06,-1.03,0.00
34.08,-1.02,0.00
34.10,-1.01,0.00
34.12,-1.00,0.00
34.14,-0.99,0.00
34.16,-0.97,0.00
34.18,-0.96,0.00
34.20,-0.95,0.00
34.22,-0.94,0.00
34.24,-0.93,0.00
34.26,-0.92,0.00
34.28,-0.90,0.00
34.30,-0.89,0.00
34.32,-0.88,0.00
34.34,-0.87,0.00
34.36,-0.86,0.00
34.38,-0.85,0.00
34.40,-0.83,0.00
34.42,-0.82,0.00
34.45,-0.81,0.00
34.47,-0.80,0.00
34.49,-0.79,0.00
34.51,-0.78,0.00
34.53,-0.76,0.00
34.55,-0.75,0.00
34.57,-0.74,0.00
34.59,-0.73,0.00
34.61,-0.72,0.00
34.63,-0.71,0.00
34.65,-0.69,0.00
34.67,-0.68,0.00
34.70,-0.67,0.00
34.72,-0.66,0.00
34.74,-0.65,0.00
34.76,-0.64,0.00
34.78,-0.62,0.00
34.80,-0.61,0.00
34.82,-0.60,0.00
34.84,-0.59,0.00
34.86,-0.58,0.00
34.88,-0.57,0.00
34.91,-0.55,0.00
34.93,-0.54,0.00
34.95,-0.53,0.00
34.97,-0.52,0.00
34.99,-0.51,0.00
35.01,-0.50,0.00
35.03,-0.48,0.00
35.05,-0.47,0.00
35.08,-0.46,0.00
35.10,-0.45,0.00
35.12,-0.44,0.00
35.14,-0.43,0.00
35.16,-0.41,0.00
35.18,-0.40,0.00
35.20,-0.39,0.00
35.22,-0.38,0.00
35.25,-0.37,0.00
35.27,-0.36,0.00
35.29,-0.35,0.00
35.31,-0.33,0.00
35.33,-0.32,0.00
35.35,-0.31,0.00
35.37,-0.30,0.00
35.40,-0.29,0.00
35.42,-0.28,0.00
35.44,-0.27,0.00
35.46,-0.26,0.00
35.48,-0.24,0.00
35.50,-0.23,0.00
35.53,-0.22,0.00
35.55,-0.21,0.00
35.57,-0.20,0.00
35.59,-0.19,0.00
35.61,-0.18,0.00
35.63,-0.17,0.00
35.66,-0.16,0.00
35.68,-0.14,0.00
35.70,-0.13,0.00
35.72,-0.12,0.00
35.74,-0.11,0.00
35.77,-0.10,0.00
35.79,-0.09,0.00
35.81,-0.08,0.00
35.83,-0.07,0.00
35.85,-0.06,0.00
35.87,-0.05,0.00
35.90,-0.04,0.00
35.92,-0.02,0.00
35.94,-0.01,0.00
35.96,-0.00,0.00
35.98,0.01,0.00
36.01,0.02,0.00
36.03,0.03,0.00
36.05,0.04,0.00
36.07,0.05,0.00
36.10,0.06,0.00
36.12,0.07,0.00
36.14,0.08,0.00
36.16,0.09,0.00
36.18,0.10,0.00
36.21,0.11,0.00
36.23,0.12,0.00
36.25,0.13,0.00
36.27,0.14,0.00
36.30,0.15,0.00
36.32,0.16,0.00
36.34,0.17,0.00
36.36,0.18,0.00
36.38,0.19,0.00
36.41,0.20,0.00
36.43,0.21,0.00
36.45,0.22,0.00
36.47,0.23,0.00
36.50,0.24,0.00
36.52,0.25,0.00
36.54,0.26,0.00
36.56,0.27,0.00
36.59,0.28,0.00
36.61,0.29,0.00
36.63,0.30,0.00
36.66,0.31,0.00
36.68,0.32,0.00
36.70,0.33,0.00
36.72,0.33,0.00
36.75,0.34,0.00
36.77,0.35,0.00
36.79,0.36,0.00
36.81,0.37,0.00
36.84,0.38,0.00
36.86,0.39,0.00
36.88,0.40,0.00
36.91,0.41,0.00
36.93,0.42,0.00
36.95,0.42,0.00
36.97,0.43,0.00
37.00,0.44,0.00
37.02,0.45,0.00
37.04,0.46,0.00
37.07,0.47,0.00
37.09,0.47,0.00
37.11,0.48,0.00
37.13,0.49,0.00
37.16,0.50,0.00
37.18,0.51,0.00
37.20,0.52,0.00
37.23,0.52,0.00
37.25,0.53,0.00
37.27,0.54,0.00
37.30,0.55,0.00
37.32,0.55,0.00
37.34,0.56,0.00
37.37,0.57,0.00
37.39,0.58,0.00
37.41,0.58,0.00
37.44,0.59,0.00
37.46,0.60,0.00
37.48,0.61,0.00
37.51,0.61,0.00
37.53,0.62,0.00
37.55,0.63,0.00
37.58,0.63,0.00
37.60,0.64,0.00
37.62,0.65,0.00
37.65,0.66,0.00
37.67,0.66,0.00
37.69,0.67,0.00
37.72,0.68,0.00
37.74,0.68,0.00
37.76,0.69,0.00
37.79,0.69,0.00
37.81,0.70,0.00
37.84,0.71,0.00
37.86,0.71,0.00
37.88,0.72,0.00
37.91,0.72,0.00
37.93,0.73,0.00
37.95,0.74,0.00
37.98,0.74,0.00
38.00,0.75,0.00
38.02,0.75,0.00
38.05,0.76,0.00
38.07,0.76,0.00
38.10,0.77,0.00
38.12,0.77,0.00
38.14,0.78,0.00
38.17,0.78,0.00
38.19,0.79,0.00
38.22,0.79,0.00
38.24,0.80,0.00
38.26,0.80,0.00
38.29,0.81,0.00
38.31,0.81,0.00
38.34,0.82,0.00
38.36,0.82,0.00
38.38,0.83,0.00
38.41,0.83,0.00
38.43,0.84,0.00
38.46,0.84,0.00
38.48,0.84,0.00
38.50,0.85,0.00
38.53,0.85,0.00
38.55,0.85,0.00
38.58,0.86,0.00
38.60,0.86,0.00
38.62,0.87,0.00
38.65,0.87,0.00
38.67,0.87,0.00
38.70,0.87,0.00
38.72,0.88,0.00
38.74,0.88,0.00
38.77,0.88,0.00
38.79,0.89,0.00
38.82,0.89,0.00
38.84,0.89,0.00
38.87,0.89,0.00
38.89,0.90,0.00
38.91,0.90,0.00
38.94,0.90,0.00
38.96,0.90,0.00
38.99,0.91,0.00
39.01,0.91,0.00
39.03,0.91,0.00
39.06,0.91,0.00
39.08,0.91,0.00
39.11,0.91,0.00
39.13,0.92,0.00
39.16,0.92,0.00
39.18,0.92,0.00
39.20,0.92,0.00
39.23,0.92,0.00
39.25,0.92,0.00
39.28,0.92,0.00
39.30,0.92,0.00
39.33,0.92,0.00
39.35,0.92,0.00
39.37,0.92,0.00
39.40,0.92,0.00
39.42,0.92,0.00
39.45,0.92,0.00
39.47,0.92,0.00
39.49,0.92,0.00
39.52,0.92,0.00
39.54,0.92,0.00
39.57,0.92,0.00
39.59,0.92,0.00
39.62,0.92,0.00
39.64,0.92,0.00
39.66,0.92,0.00
39.69,0.92,0.00
39.71,0.92,0.00
39.74,0.92,0.00
39.76,0.92,0.00
39.78,0.92,0.00
39.81,0.91,0.00
39.83,0.91,0.00
39.86,0.91,0.00
39.88,0.91,0.00
39.90,0.91,0.00
39.93,0.91,0.00
39.95,0.90,0.00
39.98,0.90,0.00
40.00,0.90,0.00
0.00,-0.90,0.00
0.02,-0.90,0.00
0.03,-0.90,0.00
0.05,-0.89,0.00
0.06,-0.89,0.00
0.08,-0.89,0.00
0.10,-0.89,0.00
0.11,-0.89,0.00
0.13,-0.88,0.00
0.15,-0.88,0.00
0.16,-0.88,0.00
0.18,-0.88,0.00
0.20,-0.88,0.00
0.21,-0.88,0.00
0.23,-0.88,0.00
0.24,-0.87,0.00
0.26,-0.87,0.00
0.28,-0.87,0.00
0.29,-0.87,0.00
0.31,-0.87,0.00
0.33,-0.87,0.00
0.34,-0.87,0.00
0.36,-0.87,0.00
0.38,-0.87,0.00
0.39,-0.87,0.00
0.41,-0.87,0.00
0.43,-0.86,0.00
0.44,-0.86,0.00
0.46,-0.86,0.00
0.48,-0.86,0.00
0.49,-0.86,0.00
0.51,-0.86,0.00
0.53,-0.86,0.00
0.54,-0.86,0.00
0.56,-0.86,0.00
0.58,-0.86,0.00
0.60,-0.86,0.00
0.61,-0.86,0.00
0.63,-0.86,0.00
0.65,-0.87,0.00
0.66,-0.87,0.00
0.68,-0.87,0.00
0.70,-0.87,0.00
0.72,-0.87,0.00
0.73,-0.87,0.00
0.75,-0.87,0.00
0.77,-0.87,0.00
0.79,-0.87,0.00
0.80,-0.87,0.00
0.82,-0.87,0.00
0.84,-0.88,0.00
0.85,-0.88,0.00
0.87,-0.88,0.00
0.89,-0.88,0.00
0.91,-0.88,0.00
0.92,-0.88,0.00
0.94,-0.88,0.00
0.96,-0.89,0.00
0.98,-0.89,0.00
1.00,-0.89,0.00
1.01,-0.89,0.00
1.03,-0.89,0.00
1.05,-0.90,0.00
1.07,-0.90,0.00
1.08,-0.90,0.00
1.10,-0.90,0.00
1.12,-0.91,0.00
1.14,-0.91,0.00
1.16,-0.91,0.00
1.17,-0.91,0.00
1.19,-0.92,0.00
1.21,-0.92,0.00
1.23,-0.92,0.00
1.25,-0.93,0.00
1.26,-0.93,0.00
1.28,-0.93,0.00
1.30,-0.93,0.00
1.32,-0.94,0.00
1.34,-0.94,0.00
1.36,-0.95,0.00
1.37,-0.95,0.00
1.39,-0.95,0.00
1.41,-0.96,0.00
1.43,-0.96,0.00
1.45,-0.96,0.00
1.47,-0.97,0.00
1.48,-0.97,0.00
1.50,-0.98,0.00
1.52,-0.98,0.00
1.54,-0.98,0.00
1.56,-0.99,0.00
1.58,-0.99,0.00
1.60,-1.00,0.00
1.62,-1.00,0.00
1.63,-1.01,0.00
1.65,-1.01,0.00
1.67,-1.02,0.00
1.69,-1.02,0.00
1.71,-1.03,0.00
1.73,-1.03,0.00
1.75,-1.04,0.00
1.77,-1.04,0.00
1.78,-1.05,0.00
1.80,-1.05,0.00
1.82,-1.06,0.00
1.84,-1.06,0.00
1.86,-1.07,0.00
1.88,-1.07,0.00
1.90,-1.08,0.00
1.92,-1.08,0.00
1.94,-1.09,0.00
1.96,-1.10,0.00
1.97,-1.10,0.00
1.99,-1.11,0.00
2.01,-1.11,0.00
2.03,-1.12,0.00
2.05,-1.13,0.00
2.07,-1.13,0.00
2.09,-1.14,0.00
2.11,-1.14,0.00
2.13,-1.15,0.00
2.15,-1.16,0.00
2.17,-1.16,0.00
2.19,-1.17,0.00
2.21,-1.18,0.00
2.22,-1.18,0.00
2.24,-1.19,0.00
2.26,-1.20,0.00
2.28,-1.21,0.00
2.30,-1.21,0.00
2.32,-1.22,0.00
2.34,-1.23,0.00
2.36,-1.23,0.00
2.38,-1.24,0.00
2.40,-1.25,0.00
2.42,-1.26,0.00
2.44,-1.26,0.00
2.46,-1.27,0.00
2.48,-1.28,0.00
2.50,-1.29,0.00
2.52,-1.29,0.00
2.54,-1.30,0.00
2.56,-1.31,0.00
2.58,-1.32,0.00
2.60,-1.33,0.00
2.62,-1.33,0.00
2.64,-1.34,0.00
2.66,-1.35,0.00
2.68,-1.36,0.00
2.69,-1.37,0.00
2.71,-1.37,0.00
2.73,-1.38,0.00
2.75,-1.39,0.00
2.77,-1.40,0.00
2.79,-1.41,0.00
2.81,-1.42,0.00
2.83,-1.43,0.00
2.85,-1.43,0.00
2.87,-1.44,0.00
2.89,-1.45,0.00
2.91,-1.46,0.00
2.93,-1.47,0.00
2.95,-1.48,0.00
2.97,-1.49,0.00
2.99,-1.50,0.00
3.01,-1.51,0.00
3.03,-1.52,0.00
3.05,-1.52,0.00
3.07,-1.53,0.00
3.09,-1.54,0.00
3.11,-1.55,0.00
3.13,-1.56,0.00
3.15,-1.57,0.00
3.17,-1.58,0.00
3.19,-1.59,0.00
3.21,-1.60,0.00
3.23,-1.61,0.00
3.25,-1.62,0.00
3.27,-1.63,0.00
3.29,-1.64,0.00
3.31,-1.65,0.00
3.33,-1.66,0.00
3.35,-1.67,0.00
3.37,-1.68,0.00
3.39,-1.69,0.00
3.41,-1.70,0.00
3.43,-1.71,0.00
3.46,-1.72,0.00
3.48,-1.73,0.00
3.50,-1.74,0.00
3.52,-1.75,0.00
3.54,-1.76,0.00
3.56,-1.77,0.00
3.58,-1.78,0.00
3.60,-1.79,0.00
3.62,-1.80,0.00
3.64,-1.81,0.00
3.66,-1.82,0.00
3.68,-1.83,0.00
3.70,-1.84,0.00
3.72,-1.85,0.00
3.74,-1.86,0.00
3.76,-1.88,0.00
3.78,-1.89,0.00
3.80,-1.90,0.00
3.82,-1.91,0.00
3.84,-1.92,0.00
3.86,-1.93,0.00
3.88,-1.94,0.00
3.90,-1.95,0.00
3.92,-1.96,0.00
3.94,-1.97,0.00
3.96,-1.98,0.00
3.98,-2.00,0.00
4.00,-2.01,0.00
4.02,-2.02,0.00
4.04,-2.03,0.00
4.06,-2.04,0.00
4.09,-2.05,0.00
4.11,-2.06,0.00
4.13,-2.07,0.00
4.15,-2.08,0.00
4.17,-2.10,0.00
4.19,-2.11,0.00
4.21,-2.12,0.00
4.23,-2.13,0.00
4.25,-2.14,0.00
4.27,-2.15,0.00
4.29,-2.16,0.00
4.31,-2.17,0.00
4.33,-2.19,0.00
4.35,-2.20,0.00
4.37,-2.21,0.00
4.39,-2.22,0.00
4.41,-2.23,0.00
4.43,-2.24,0.00
4.45,-2.25,0.00
4.47,-2.27,0.00
4.49,-2.28,0.00
4.52,-2.29,0.00
4.54,-2.30,0.00
4.56,-2.31,0.00
4.58,-2.32,0.00
4.60,-2.34,0.00
4.62,-2.35,0.00
4.64,-2.36,0.00
4.66,-2.37,0.00
4.68,-2.38,0.00
4.70,-2.39,0.00
4.72,-2.41,0.00
4.74,-2.42,0.00
4.76,-2.43,0.00
4.78,-2.44,0.00
4.80,-2.45,0.00
4.82,-2.46,0.00
4.84,-2.48,0.00
4.87,-2.49,0.00
4.89,-2.50,0.00
4.91,-2.51,0.00
4.93,-2.52,0.00
4.95,-2.53,0.00
4.97,-2.55,0.00
4.99,-2.56,0.00
5.01,-2.57,0.00
5.03,-2.58,0.00
5.05,-2.59,0.00
5.07,-2.60,0.00
5.09,-2.62,0.00
5.11,-2.63,0.00
5.13,-2.64,0.00
5.15,-2.65,0.00
5.17,-2.66,0.00
5.20,-2.67,0.00
5.22,-2.69,0.00
5.24,-2.70,0.00
5.26,-2.71,0.00
5.28,-2.72,0.00
5.30,-2.73,0.00
5.32,-2.74,0.00
5.34,-2.76,0.00
5.36,-2.77,0.00
5.38,-2.78,0.00
5.40,-2.79,0.00
5.42,-2.80,0.00
5.44,-2.81,0.00
5.46,-2.83,0.00
5.49,-2.84,0.00
5.51,-2.85,0.00
5.53,-2.86,0.00
5.55,-2.87,0.00
5.57,-2.88,0.00
5.59,-2.89,0.00
5.61,-2.91,0.00
5.63,-2.92,0.00
5.65,-2.93,0.00
5.67,-2.94,0.00
5.69,-2.95,0.00
5.71,-2.96,0.00
5.73,-2.97,0.00
5.76,-2.99,0.00
5.78,-3.00,0.00
5.80,-3.01,0.00
5.82,-3.02,0.00
5.84,-3.03,0.00
5.86,-3.04,0.00
5.88,-3.05,0.00
5.90,-3.07,0.00
5.92,-3.08,0.00
5.94,-3.09,0.00
5.96,-3.10,0.00
5.98,-3.11,0.00
6.00,-3.12,0.00
6.03,-3.13,0.00
6.05,-3.14,0.00
6.07,-3.15,0.00
6.09,-3.17,0.00
6.11,-3.18,0.00
6.13,-3.19,0.00
6.15,-3.20,0.00
6.17,-3.21,0.00
6.19,-3.22,0.00
6.21,-3.23,0.00
6.23,-3.24,0.00
6.25,-3.25,0.00
6.28,-3.26,0.00
6.30,-3.27,0.00
6.32,-3.28,0.00
6.34,-3.30,0.00
6.36,-3.31,0.00
6.38,-3.32,0.00
6.40,-3.33,0.00
6.42,-3.34,0.00
6.44,-3.35,0.00
6.46,-3.36,0.00
6.48,-3.37,0.00
6.50,-3.38,0.00
6.53,-3.39,0.00
6.55,-3.40,0.00
6.57,-3.41,0.00
6.59,-3.42,0.00
6.61,-3.43,0.00
6.63,-3.44,0.00
6.65,-3.45,0.00
6.67,-3.46,0.00
6.69,-3.47,0.00
6.71,-3.48,0.00
6.73,-3.49,0.00
6.76,-3.50,0.00
6.78,-3.51,0.00
6.80,-3.52,0.00
6.82,-3.53,0.00
6.84,-3.54,0.00
6.86,-3.55,0.00
6.88,-3.56,0.00
6.90,-3.57,0.00
6.92,-3.58,0.00
6.94,-3.59,0.00
6.97,-3.60,0.00
6.99,-3.61,0.00
7.01,-3.62,0.00
7.03,-3.63,0.00
7.05,-3.64,0.00
7.07,-3.65,0.00
7.09,-3.66,0.00
7.11,-3.66,0.00
7.13,-3.67,0.00
7.15,-3.68,0.00
7.18,-3.69,0.00
7.20,-3.70,0.00
7.22,-3.71,0.00
7.24,-3.72,0.00
7.26,-3.73,0.00
7.28,-3.74,0.00
7.30,-3.75,0.00
7.32,-3.75,0.00
7.34,-3.76,0.00
7.36,-3.77,0.00
7.39,-3.78,0.00
7.41,-3.79,0.00
7.43,-3.80,0.00
7.45,-3.81,0.00
7.47,-3.81,0.00
7.49,-3.82,0.00
7.51,-3.83,0.00
7.53,-3.84,0.00
7.55,-3.85,0.00
7.58,-3.85,0.00
7.60,-3.86,0.00
7.62,-3.87,0.00
7.64,-3.88,0.00
7.66,-3.89,0.00
7.68,-3.89,0.00
7.70,-3.90,0.00
7.72,-3.91,0.00
7.74,-3.92,0.00
7.77,-3.92,0.00
7.79,-3.93,0.00
7.81,-3.94,0.00
7.83,-3.95,0.00
7.85,-3.95,0.00
7.87,-3.96,0.00
7.89,-3.97,0.00
7.91,-3.98,0.00
7.93,-3.98,0.00
7.96,-3.99,0.00
7.98,-4.00,0.00
8.00,-4.00,0.00
8.02,-4.01,0.00
8.04,-4.02,0.00
8.06,-4.02,0.00
8.08,-4.03,0.00
8.10,-4.04,0.00
8.13,-4.04,0.00
8.15,-4.05,0.00
8.17,-4.06,0.00
8.19,-4.06,0.00
8.21,-4.07,0.00
8.23,-4.07,0.00
8.25,-4.08,0.00
8.27,-4.09,0.00
8.30,-4.09,0.00
8.32,-4.10,0.00
8.34,-4.10,0.00
8.36,-4.11,0.00
8.38,-4.12,0.00
8.40,-4.12,0.00
8.42,-4.13,0.00
8.44,-4.13,0.00
8.47,-4.14,0.00
8.49,-4.14,0.00
8.51,-4.15,0.00
8.53,-4.15,0.00
8.55,-4.16,0.00
8.57,-4.16,0.00
8.59,-4.17,0.00
8.61,-4.17,0.00
8.64,-4.18,0.00
8.66,-4.18,0.00
8.68,-4.19,0.00
8.70,-4.19,0.00
8.72,-4.20,0.00
8.74,-4.20,0.00
8.76,-4.21,0.00
8.79,-4.21,0.00
8.81,-4.21,0.00
8.83,-4.22,0.00
8.85,-4.22,0.00
8.87,-4.23,0.00
8.89,-4.23,0.00
8.91,-4.23,0.00
8.93,-4.24,0.00
8.96,-4.24,0.00
8.98,-4.24,0.00
9.00,-4.25,0.00
9.02,-4.25,0.00
9.04,-4.26,0.00
9.06,-4.26,0.00
9.08,-4.26,0.00
9.11,-4.26,0.00
9.13,-4.27,0.00
9.15,-4.27,0.00
9.17,-4.27,0.00
9.19,-4.28,0.00
9.21,-4.28,0.00
9.23,-4.28,0.00
9.26,-4.28,0.00
9.28,-4.29,0.00
9.30,-4.29,0.00
9.32,-4.29,0.00
9.34,-4.29,0.00
9.36,-4.30,0.00
9.38,-4.30,0.00
9.41,-4.30,0.00
9.43,-4.30,0.00
9.45,-4.30,0.00
9.47,-4.31,0.00
9.49,-4.31,0.00
9.51,-4.31,0.00
9.53,-4.31,0.00
9.56,-4.31,0.00
9.58,-4.31,0.00
9.60,-4.31,0.00
9.62,-4.32,0.00
9.64,-4.32,0.00
9.66,-4.32,0.00
9.68,-4.32,0.00
9.71,-4.32,0.00
9.73,-4.32,0.00
9.75,-4.32,0.00
9.77,-4.32,0.00
9.79,-4.32,0.00
9.81,-4.32,0.00
9.83,-4.32,0.00
9.86,-4.32,0.00
9.88,-4.32,0.00
9.90,-4.32,0.00
9.92,-4.32,0.00
9.94,-4.32,0.00
9.96,-4.32,0.00
9.98,-4.32,0.00
10.01,-4.32,0.00
10.03,-4.32,0.00
10.05,-4.32,0.00
10.07,-4.32,0.00
10.09,-4.32,0.00
10.11,-4.32,0.00
10.13,-4.32,0.00
10.16,-4.32,0.00
10.18,-4.32,0.00
10.20,-4.32,0.00
10.22,-4.32,0.00
10.24,-4.31,0.00
10.26,-4.31,0.00
10.28,-4.31,0.00
10.30,-4.31,0.00
10.33,-4.31,0.00
10.35,-4.31,0.00
10.37,-4.31,0.00
10.39,-4.30,0.00
10.41,-4.30,0.00
10.43,-4.30,0.00
10.45,-4.30,0.00
10.48,-4.30,0.00
10.50,-4.29,0.00
10.52,-4.29,0.00
10.54,-4.29,0.00
10.56,-4.29,0.00
10.58,-4.28,0.00
10.60,-4.28,0.00
10.62,-4.28,0.00
10.65,-4.28,0.00
10.67,-4.27,0.00
10.69,-4.27,0.00
10.71,-4.27,0.00
10.73,-4.26,0.00
10.75,-4.26,0.00
10.77,-4.26,0.00
10.79,-4.26,0.00
10.82,-4.25,0.00
10.84,-4.25,0.00
10.86,-4.24,0.00
10.88,-4.24,0.00
10.90,-4.24,0.00
10.92,-4.23,0.00
10.94,-4.23,0.00
10.96,-4.23,0.00
10.99,-4.22,0.00
11.01,-4.22,0.00
11.03,-4.21,0.00
11.05,-4.21,0.00
11.07,-4.21,0.00
11.09,-4.20,0.00
11.11,-4.20,0.00
11.13,-4.19,0.00
11.15,-4.19,0.00
11.18,-4.18,0.00
11.20,-4.18,0.00
11.22,-4.17,0.00
11.24,-4.17,0.00
11.26,-4.16,0.00
11.28,-4.16,0.00
11.30,-4.15,0.00
11.32,-4.15,0.00
11.34,-4.14,0.00
11.36,-4.14,0.00
11.39,-4.13,0.00
11.41,-4.13,0.00
11.43,-4.12,0.00
11.45,-4.11,0.00
11.47,-4.11,0.00
11.49,-4.10,0.00
11.51,-4.10,0.00
11.53,-4.09,0.00
11.55,-4.09,0.00
11.57,-4.08,0.00
11.60,-4.07,0.00
11.62,-4.07,0.00
11.64,-4.06,0.00
11.66,-4.05,0.00
11.68,-4.05,0.00
11.70,-4.04,0.00
11.72,-4.04,0.00
11.74,-4.03,0.00
11.76,-4.02,0.00
11.78,-4.02,0.00
11.80,-4.01,0.00
11.83,-4.00,0.00
11.85,-3.99,0.00
11.87,-3.99,0.00
11.89,-3.98,0.00
11.91,-3.97,0.00
11.93,-3.97,0.00
11.95,-3.96,0.00
11.97,-3.95,0.00
11.99,-3.94,0.00
12.01,-3.94,0.00
12.03,-3.93,0.00
12.05,-3.92,0.00
12.07,-3.91,0.00
12.10,-3.91,0.00
12.12,-3.90,0.00
12.14,-3.89,0.00
12.16,-3.88,0.00
12.18,-3.87,0.00
12.20,-3.87,0.00
12.22,-3.86,0.00
12.24,-3.85,0.00
12.26,-3.84,0.00
12.28,-3.83,0.00
12.30,-3.83,0.00
12.32,-3.82,0.00
12.34,-3.81,0.00
12.36,-3.80,0.00
12.39,-3.79,0.00
12.41,-3.78,0.00
12.43,-3.77,0.00
12.45,-3.77,0.00
12.47,-3.76,0.00
12.49,-3.75,0.00
12.51,-3.74,0.00
12.53,-3.73,0.00
12.55,-3.72,0.00
12.57,-3.71,0.00
12.59,-3.70,0.00
12.61,-3.69,0.00
12.63,-3.68,0.00
12.65,-3.68,0.00
12.67,-3.67,0.00
12.69,-3.66,0.00
12.72,-3.65,0.00
12.74,-3.64,0.00
12.76,-3.63,0.00
12.78,-3.62,0.00
12.80,-3.61,0.00
12.82,-3.60,0.00
12.84,-3.59,0.00
12.86,-3.58,0.00
12.88,-3.57,0.00
12.90,-3.56,0.00
12.92,-3.55,0.00
12.94,-3.54,0.00
12.96,-3.53,0.00
12.98,-3.52,0.00
13.00,-3.51,0.00
13.02,-3.50,0.00
13.04,-3.49,0.00
13.06,-3.48,0.00
13.08,-3.47,0.00
13.10,-3.46,0.00
13.13,-3.45,0.00
13.15,-3.44,0.00
13.17,-3.43,0.00
13.19,-3.42,0.00
13.21,-3.41,0.00
13.23,-3.40,0.00
13.25,-3.39,0.00
13.27,-3.37,0.00
13.29,-3.36,0.00
13.31,-3.35,0.00
13.33,-3.34,0.00
13.35,-3.33,0.00
13.37,-3.32,0.00
13.39,-3.31,0.00
13.41,-3.30,0.00
13.43,-3.29,0.00
13.45,-3.28,0.00
13.47,-3.27,0.00
13.49,-3.25,0.00
13.51,-3.24,0.00
13.53,-3.23,0.00
13.55,-3.22,0.00
13.57,-3.21,0.00
13.59,-3.20,0.00
13.61,-3.19,0.00
13.64,-3.18,0.00
13.66,-3.17,0.00
13.68,-3.15,0.00
13.70,-3.14,0.00
13.72,-3.13,0.00
13.74,-3.12,0.00
13.76,-3.11,0.00
13.78,-3.10,0.00
13.80,-3.09,0.00
13.82,-3.07,0.00
13.84,-3.06,0.00
13.86,-3.05,0.00
13.88,-3.04,0.00
13.90,-3.03,0.00
13.92,-3.02,0.00
13.94,-3.01,0.00
13.96,-2.99,0.00
13.98,-2.98,0.00
14.00,-2.97,0.00
14.02,-2.96,0.00
14.04,-2.95,0.00
14.06,-2.94,0.00
14.08,-2.92,0.00
14.10,-2.91,0.00
14.13,-2.90,0.00
14.15,-2.89,0.00
14.17,-2.88,0.00
14.19,-2.87,0.00
14.21,-2.86,0.00
14.23,-2.84,0.00
14.25,-2.83,0.00
14.27,-2.82,0.00
14.29,-2.81,0.00
14.31,-2.80,0.00
14.33,-2.79,0.00
14.35,-2.77,0.00
14.37,-2.76,0.00
14.39,-2.75,0.00
14.41,-2.74,0.00
14.43,-2.73,0.00
14.45,-2.71,0.00
14.47,-2.70,0.00
14.49,-2.69,0.00
14.52,-2.68,0.00
14.54,-2.67,0.00
14.56,-2.66,0.00
14.58,-2.64,0.00
14.60,-2.63,0.00
14.62,-2.62,0.00
14.64,-2.61,0.00
14.66,-2.60,0.00
14.68,-2.59,0.00
14.70,-2.57,0.00
14.72,-2.56,0.00
14.74,-2.55,0.00
14.76,-2.54,0.00
14.78,-2.53,0.00
14.80,-2.51,0.00
14.82,-2.50,0.00
14.84,-2.49,0.00
14.86,-2.48,0.00
14.89,-2.47,0.00
14.91,-2.46,0.00
14.93,-2.44,0.00
14.95,-2.43,0.00
14.97,-2.42,0.00
14.99,-2.41,0.00
15.01,-2.40,0.00
15.03,-2.39,0.00
15.05,-2.37,0.00
15.07,-2.36,0.00
15.09,-2.35,0.00
15.11,-2.34,0.00
15.13,-2.33,0.00
15.15,-2.32,0.00
15.17,-2.30,0.00
15.19,-2.29,0.00
15.22,-2.28,0.00
15.24,-2.27,0.00
15.26,-2.26,0.00
15.28,-2.25,0.00
15.30,-2.24,0.00
15.32,-2.22,0.00
15.34,-2.21,0.00
15.36,-2.20,0.00
15.38,-2.19,0.00
15.40,-2.18,0.00
15.42,-2.17,0.00
15.44,-2.16,0.00
15.46,-2.14,0.00
15.48,-2.13,0.00
15.50,-2.12,0.00
15.53,-2.11,0.00
15.55,-2.10,0.00
15.57,-2.09,0.00
15.59,-2.08,0.00
15.61,-2.07,0.00
15.63,-2.05,0.00
15.65,-2.04,0.00
15.67,-2.03,0.00
15.69,-2.02,0.00
15.71,-2.01,0.00
15.73,-2.00,0.00
15.75,-1.99,0.00
15.77,-1.98,0.00
15.79,-1.97,0.00
15.81,-1.95,0.00
15.84,-1.94,0.00
15.86,-1.93,0.00
15.88,-1.92,0.00
15.90,-1.91,0.00
15.92,-1.90,0.00
15.94,-1.89,0.00
15.96,-1.88,0.00
15.98,-1.87,0.00
16.00,-1.86,0.00
16.02,-1.85,0.00
16.04,-1.84,0.00
16.06,-1.83,0.00
16.08,-1.81,0.00
16.10,-1.80,0.00
16.12,-1.79,0.00
16.14,-1.78,0.00
16.17,-1.77,0.00
16.19,-1.76,0.00
16.21,-1.75,0.00
16.23,-1.74,0.00
16.25,-1.73,0.00
16.27,-1.72,0.00
16.29,-1.71,0.00
16.31,-1.70,0.00
16.33,-1.69,0.00
16.35,-1.68,0.00
16.37,-1.67,0.00
16.39,-1.66,0.00
16.41,-1.65,0.00
16.43,-1.64,0.00
16.45,-1.63,0.00
16.47,-1.62,0.00
16.49,-1.61,0.00
16.52,-1.60,0.00
16.54,-1.59,0.00
16.56,-1.58,0.00
16.58,-1.57,0.00
16.60,-1.56,0.00
16.62,-1.55,0.00
16.64,-1.54,0.00
16.66,-1.53,0.00
16.68,-1.53,0.00
16.70,-1.52,0.00
16.72,-1.51,0.00
16.74,-1.50,0.00
16.76,-1.49,0.00
16.78,-1.48,0.00
16.80,-1.47,0.00
16.82,-1.46,0.00
16.84,-1.45,0.00
16.86,-1.44,0.00
16.88,-1.43,0.00
16.90,-1.43,0.00
16.93,-1.42,0.00
16.95,-1.41,0.00
16.97,-1.40,0.00
16.99,-1.39,0.00
17.01,-1.38,0.00
17.03,-1.37,0.00
17.05,-1.37,0.00
17.07,-1.36,0.00
17.09,-1.35,0.00
17.11,-1.34,0.00
17.13,-1.33,0.00
17.15,-1.32,0.00
17.17,-1.32,0.00
17.19,-1.31,0.00
17.21,-1.30,0.00
17.23,-1.29,0.00
17.25,-1.28,0.00
17.27,-1.28,0.00
17.29,-1.27,0.00
17.31,-1.26,0.00
17.33,-1.25,0.00
17.35,-1.25,0.00
17.37,-1.24,0.00
17.39,-1.23,0.00
17.41,-1.22,0.00
17.43,-1.22,0.00
17.45,-1.21,0.00
17.47,-1.20,0.00
17.49,-1.19,0.00
17.51,-1.19,0.00
17.53,-1.18,0.00
17.55,-1.17,0.00
17.57,-1.17,0.00
17.59,-1.16,0.00
17.61,-1.15,0.00
17.63,-1.15,0.00
17.65,-1.14,0.00
17.67,-1.13,0.00
17.69,-1.13,0.00
17.71,-1.12,0.00
17.73,-1.11,0.00
17.75,-1.11,0.00
17.77,-1.10,0.00
17.79,-1.10,0.00
17.81,-1.09,0.00
17.83,-1.08,0.00
17.85,-1.08,0.00
17.87,-1.07,0.00
17.89,-1.07,0.00
17.91,-1.06,0.00
17.93,-1.05,0.00
17.95,-1.05,0.00
17.97,-1.04,0.00
17.99,-1.04,0.00
18.01,-1.03,0.00
18.03,-1.03,0.00
18.05,-1.02,0.00
18.07,-1.02,0.00
18.09,-1.01,0.00
18.10,-1.01,0.00
18.12,-1.00,0.00
18.14,-1.00,0.00
18.16,-0.99,0.00
18.18,-0.99,0.00
18.20,-0.98,0.00
18.22,-0.98,0.00
18.24,-0.97,0.00
18.26,-0.97,0.00
18.28,-0.97,0.00
18.30,-0.96,0.00
18.32,-0.96,0.00
18.34,-0.95,0.00
18.36,-0.95,0.00
18.37,-0.95,0.00
18.39,-0.94,0.00
18.41,-0.94,0.00
18.43,-0.93,0.00
18.45,-0.93,0.00
18.47,-0.93,0.00
18.49,-0.92,0.00
18.51,-0.92,0.00
18.53,-0.92,0.00
18.54,-0.91,0.00
18.56,-0.91,0.00
18.58,-0.91,0.00
18.60,-0.90,0.00
18.62,-0.90,0.00
18.64,-0.90,0.00
18.66,-0.90,0.00
18.68,-0.89,0.00
18.69,-0.89,0.00
18.71,-0.89,0.00
18.73,-0.88,0.00
18.75,-0.88,0.00
18.77,-0.88,0.00
18.79,-0.88,0.00
18.81,-0.88,0.00
18.82,-0.87,0.00
18.84,-0.87,0.00
18.86,-0.87,0.00
18.88,-0.87,0.00
18.90,-0.87,0.00
18.91,-0.86,0.00
18.93,-0.86,0.00
18.95,-0.86,0.00
18.97,-0.86,0.00
18.99,-0.86,0.00
19.01,-0.86,0.00
19.02,-0.85,0.00
19.04,-0.85,0.00
19.06,-0.85,0.00
19.08,-0.85,0.00
19.09,-0.85,0.00
19.11,-0.85,0.00
19.13,-0.85,0.00
19.15,-0.85,0.00
19.17,-0.85,0.00
19.18,-0.85,0.00
19.20,-0.85,0.00
19.22,-0.85,0.00
19.24,-0.85,0.00
19.25,-0.84,0.00
19.27,-0.84,0.00
19.29,-0.84,0.00
19.31,-0.84,0.00
19.32,-0.84,0.00
19.34,-0.84,0.00
19.36,-0.84,0.00
19.38,-0.84,0.00
19.39,-0.84,0.00
19.41,-0.85,0.00
19.43,-0.85,0.00
19.44,-0.85,0.00
19.46,-0.85,0.00
19.48,-0.85,0.00
19.50,-0.85,0.00
19.51,-0.85,0.00
19.53,-0.85,0.00
19.55,-0.85,0.00
19.56,-0.85,0.00
19.58,-0.85,0.00
19.60,-0.85,0.00
19.61,-0.85,0.00
19.63,-0.86,0.00
19.65,-0.86,0.00
19.66,-0.86,0.00
19.68,-0.86,0.00
19.70,-0.86,0.00
19.71,-0.86,0.00
19.73,-0.86,0.00
19.75,-0.87,0.00
19.76,-0.87,0.00
19.78,-0.87,0.00
19.80,-0.87,0.00
19.81,-0.87,0.00
19.83,-0.88,0.00
19.85,-0.88,0.00
19.86,-0.88,0.00
19.88,-0.88,0.00
19.89,-0.88,0.00
19.91,-0.89,0.00
19.93,-0.89,0.00
19.94,-0.89,0.00
19.96,-0.89,0.00
19.98,-0.90,0.00
19.99,-0.90,0.00
20.01,-0.90,0.00
20.02,-0.90,0.00
20.04,-0.91,0.00
20.06,-0.91,0.00
20.07,-0.91,0.00
20.09,-0.92,0.00
20.10,-0.92,0.00
20.12,-0.92,0.00
20.14,-0.93,0.00
20.15,-0.93,0.00
20.17,-0.93,0.00
20.18,-0.94,0.00
20.20,-0.94,0.00
20.22,-0.94,0.00
20.23,-0.95,0.00
20.25,-0.95,0.00
20.26,-0.95,0.00
20.28,-0.96,0.00
20.29,-0.96,0.00
20.31,-0.96,0.00
20.33,-0.97,0.00
20.34,-0.97,0.00
20.36,-0.98,0.00
20.37,-0.98,0.00
20.39,-0.98,0.00
20.41,-0.99,0.00
20.42,-0.99,0.00
20.44,-1.00,0.00
20.45,-1.00,0.00
20.47,-1.01,0.00
20.48,-1.01,0.00
20.50,-1.02,0.00
20.51,-1.02,0.00
20.53,-1.02,0.00
20.55,-1.03,0.00
20.56,-1.03,0.00
20.58,-1.04,0.00
20.59,-1.04,0.00
20.61,-1.05,0.00
20.62,-1.05,0.00
20.64,-1.06,0.00
20.66,-1.06,0.00
20.67,-1.07,0.00
20.69,-1.07,0.00
20.70,-1.08,0.00
20.72,-1.09,0.00
20.73,-1.09,0.00
20.75,-1.10,0.00
20.76,-1.10,0.00
20.78,-1.11,0.00
20.80,-1.11,0.00
20.81,-1.12,0.00
20.83,-1.12,0.00
20.84,-1.13,0.00
20.86,-1.14,0.00
20.87,-1.14,0.00
20.89,-1.15,0.00
20.91,-1.15,0.00
20.92,-1.16,0.00
20.94,-1.17,0.00
20.95,-1.17,0.00
20.97,-1.18,0.00
20.98,-1.19,0.00
21.00,-1.19,0.00
21.01,-1.20,0.00
21.03,-1.20,0.00
21.05,-1.21,0.00
21.06,-1.22,0.00
21.08,-1.22,0.00
21.09,-1.23,0.00
21.11,-1.24,0.00
21.12,-1.25,0.00
21.14,-1.25,0.00
21.16,-1.26,0.00
21.17,-1.27,0.00
21.19,-1.27,0.00
21.20,-1.28,0.00
21.22,-1.29,0.00
21.24,-1.29,0.00
21.25,-1.30,0.00
21.27,-1.31,0.00
21.28,-1.32,0.00
21.30,-1.32,0.00
21.31,-1.33,0.00
21.33,-1.34,0.00
21.35,-1.35,0.00
21.36,-1.36,0.00
21.38,-1.36,0.00
21.39,-1.37,0.00
21.41,-1.38,0.00
21.43,-1.39,0.00
21.44,-1.39,0.00
21.46,-1.40,0.00
21.47,-1.41,0.00
21.49,-1.42,0.00
21.51,-1.43,0.00
21.52,-1.44,0.00
21.54,-1.44,0.00
21.55,-1.45,0.00
21.57,-1.46,0.00
21.59,-1.47,0.00
21.60,-1.48,0.00
21.62,-1.49,0.00
21.64,-1.50,0.00
21.65,-1.50,0.00
21.67,-1.51,0.00
21.68,-1.52,0.00
21.70,-1.53,0.00
21.72,-1.54,0.00
21.73,-1.55,0.00
21.75,-1.56,0.00
21.77,-1.57,0.00
21.78,-1.58,0.00
21.80,-1.59,0.00
21.82,-1.59,0.00
21.83,-1.60,0.00
21.85,-1.61,0.00
21.86,-1.62,0.00
21.88,-1.63,0.00
21.90,-1.64,0.00
21.91,-1.65,0.00
21.93,-1.66,0.00
21.95,-1.67,0.00
21.96,-1.68,0.00
21.98,-1.69,0.00
22.00,-1.70,0.00
22.01,-1.71,0.00
22.03,-1.72,0.00
22.05,-1.73,0.00
22.06,-1.74,0.00
22.08,-1.75,0.00
22.10,-1.76,0.00
22.11,-1.77,0.00
22.13,-1.78,0.00
22.15,-1.79,0.00
22.16,-1.80,0.00
22.18,-1.81,0.00
22.20,-1.82,0.00
22.21,-1.83,0.00
22.23,-1.84,0.00
22.25,-1.85,0.00
22.27,-1.87,0.00
22.28,-1.88,0.00
22.30,-1.89,0.00
22.32,-1.90,0.00
22.33,-1.91,0.00
22.35,-1.92,0.00
22.37,-1.93,0.00
22.38,-1.94,0.00
22.40,-1.95,0.00
22.42,-1.96,0.00
22.44,-1.97,0.00
22.45,-1.99,0.00
22.47,-2.00,0.00
22.49,-2.01,0.00
22.50,-2.02,0.00
22.52,-2.03,0.00
22.54,-2.04,0.00
22.56,-2.05,0.00
22.57,-2.07,0.00
22.59,-2.08,0.00
22.61,-2.09,0.00
22.63,-2.10,0.00
22.64,-2.11,0.00
22.66,-2.12,0.00
22.68,-2.14,0.00
22.70,-2.15,0.00
22.71,-2.16,0.00
22.73,-2.17,0.00
22.75,-2.18,0.00
22.77,-2.19,0.00
22.78,-2.21,0.00
22.80,-2.22,0.00
22.82,-2.23,0.00
22.84,-2.24,0.00
22.85,-2.25,0.00
22.87,-2.27,0.00
22.89,-2.28,0.00
22.91,-2.29,0.00
22.92,-2.30,0.00
22.94,-2.32,0.00
22.96,-2.33,0.00
22.98,-2.34,0.00
23.00,-2.35,0.00
23.01,-2.37,0.00
23.03,-2.38,0.00
23.05,-2.39,0.00
23.07,-2.40,0.00
23.08,-2.42,0.00
23.10,-2.43,0.00
23.12,-2.44,0.00
23.14,-2.45,0.00
23.16,-2.47,0.00
23.17,-2.48,0.00
23.19,-2.49,0.00
23.21,-2.50,0.00
23.23,-2.52,0.00
23.25,-2.53,0.00
23.27,-2.54,0.00
23.28,-2.56,0.00
23.30,-2.57,0.00
23.32,-2.58,0.00
23.34,-2.59,0.00
23.36,-2.61,0.00
23.37,-2.62,0.00
23.39,-2.63,0.00
23.41,-2.65,0.00
23.43,-2.66,0.00
23.45,-2.67,0.00
23.47,-2.69,0.00
23.49,-2.70,0.00
23.50,-2.71,0.00
23.52,-2.72,0.00
23.54,-2.74,0.00
23.56,-2.75,0.00
23.58,-2.76,0.00
23.60,-2.78,0.00
23.61,-2.79,0.00
23.63,-2.80,0.00
23.65,-2.82,0.00
23.67,-2.83,0.00
23.69,-2.84,0.00
23.71,-2.86,0.00
23.73,-2.87,0.00
23.75,-2.88,0.00
23.76,-2.90,0.00
23.78,-2.91,0.00
23.80,-2.92,0.00
23.82,-2.94,0.00
23.84,-2.95,0.00
23.86,-2.96,0.00
23.88,-2.98,0.00
23.90,-2.99,0.00
23.92,-3.00,0.00
23.93,-3.02,0.00
23.95,-3.03,0.00
23.97,-3.05,0.00
23.99,-3.06,0.00
24.01,-3.07,0.00
24.03,-3.09,0.00
24.05,-3.10,0.00
24.07,-3.11,0.00
24.09,-3.13,0.00
24.11,-3.14,0.00
24.13,-3.15,0.00
24.14,-3.17,0.00
24.16,-3.18,0.00
24.18,-3.19,0.00
24.20,-3.21,0.00
24.22,-3.22,0.00
24.24,-3.23,0.00
24.26,-3.25,0.00
24.28,-3.26,0.00
24.30,-3.28,0.00
24.32,-3.29,0.00
24.34,-3.30,0.00
24.36,-3.32,0.00
24.38,-3.33,0.00
24.40,-3.34,0.00
24.42,-3.36,0.00
24.44,-3.37,0.00
24.46,-3.38,0.00
24.48,-3.40,0.00
24.50,-3.41,0.00
24.52,-3.42,0.00
24.54,-3.44,0.00
24.56,-3.45,0.00
24.57,-3.47,0.00
24.59,-3.48,0.00
24.61,-3.49,0.00
24.63,-3.51,0.00
24.65,-3.52,0.00
24.67,-3.53,0.00
24.69,-3.55,0.00
24.71,-3.56,0.00
24.73,-3.57,0.00
24.75,-3.59,0.00
24.77,-3.60,0.00
24.79,-3.61,0.00
24.81,-3.63,0.00
24.84,-3.64,0.00
24.86,-3.65,0.00
24.88,-3.67,0.00
24.90,-3.68,0.00
24.92,-3.69,0.00
24.94,-3.71,0.00
24.96,-3.72,0.00
24.98,-3.73,0.00
25.00,-3.75,0.00
25.02,-3.76,0.00
25.04,-3.77,0.00
25.06,-3.79,0.00
25.08,-3.80,0.00
25.10,-3.81,0.00
25.12,-3.83,0.00
25.14,-3.84,0.00
25.16,-3.85,0.00
25.18,-3.87,0.00
25.20,-3.88,0.00
25.22,-3.89,0.00
25.24,-3.90,0.00
25.27,-3.92,0.00
25.29,-3.93,0.00
25.31,-3.94,0.00
25.33,-3.96,0.00
25.35,-3.97,0.00
25.37,-3.98,0.00
25.39,-3.99,0.00
25.41,-4.01,0.00
25.43,-4.02,0.00
25.45,-4.03,0.00
25.47,-4.05,0.00
25.50,-4.06,0.00
25.52,-4.07,0.00
25.54,-4.08,0.00
25.56,-4.10,0.00
25.58,-4.11,0.00
25.60,-4.12,0.00
25.62,-4.13,0.00
25.64,-4.15,0.00
25.67,-4.16,0.00
25.69,-4.17,0.00
25.71,-4.18,0.00
25.73,-4.20,0.00
25.75,-4.21,0.00
25.77,-4.22,0.00
25.79,-4.23,0.00
25.82,-4.24,0.00
25.84,-4.26,0.00
25.86,-4.27,0.00
25.88,-4.28,0.00
25.90,-4.29,0.00
25.92,-4.30,0.00
25.95,-4.32,0.00
25.97,-4.33,0.00
25.99,-4.34,0.00
26.01,-4.35,0.00
26.03,-4.36,0.00
26.06,-4.37,0.00
26.08,-4.39,0.00
26.10,-4.40,0.00
26.12,-4.41,0.00
26.14,-4.42,0.00
26.17,-4.43,0.00
26.19,-4.44,0.00
26.21,-4.46,0.00
26.23,-4.47,0.00
26.25,-4.48,0.00
26.28,-4.49,0.00
26.30,-4.50,0.00
26.32,-4.51,0.00
26.34,-4.52,0.00
26.37,-4.54,0.00
26.39,-4.55,0.00
26.41,-4.56,0.00
26.43,-4.57,0.00
26.46,-4.58,0.00
26.48,-4.59,0.00
26.50,-4.60,0.00
26.52,-4.61,0.00
26.55,-4.62,0.00
26.57,-4.63,0.00
26.59,-4.65,0.00
26.61,-4.66,0.00
26.64,-4.67,0.00
26.66,-4.68,0.00
26.68,-4.69,0.00
26.70,-4.70,0.00
26.73,-4.71,0.00
26.75,-4.72,0.00
26.77,-4.73,0.00
26.80,-4.74,0.00
26.82,-4.75,0.00
26.84,-4.76,0.00
26.86,-4.77,0.00
26.89,-4.78,0.00
26.91,-4.79,0.00
26.93,-4.80,0.00
26.96,-4.81,0.00
26.98,-4.82,0.00
27.00,-4.83,0.00
27.03,-4.84,0.00
27.05,-4.85,0.00
27.07,-4.86,0.00
27.10,-4.87,0.00
27.12,-4.88,0.00
27.14,-4.89,0.00
27.17,-4.90,0.00
27.19,-4.91,0.00
27.21,-4.92,0.00
27.24,-4.93,0.00
27.26,-4.94,0.00
27.28,-4.95,0.00
27.31,-4.96,0.00
27.33,-4.97,0.00
27.35,-4.97,0.00
27.38,-4.98,0.00
27.40,-4.99,0.00
27.43,-5.00,0.00
27.45,-5.01,0.00
27.47,-5.02,0.00
27.50,-5.03,0.00
27.52,-5.04,0.00
27.55,-5.04,0.00
27.57,-5.05,0.00
27.59,-5.06,0.00
27.62,-5.07,0.00
27.64,-5.08,0.00
27.67,-5.09,0.00
27.69,-5.09,0.00
27.71,-5.10,0.00
27.74,-5.11,0.00
27.76,-5.12,0.00
27.79,-5.13,0.00
27.81,-5.13,0.00
27.84,-5.14,0.00
27.86,-5.15,0.00
27.88,-5.16,0.00
27.91,-5.17,0.00
27.93,-5.17,0.00
27.96,-5.18,0.00
27.98,-5.19,0.00
28.01,-5.19,0.00
28.03,-5.20,0.00
28.06,-5.21,0.00
28.08,-5.22,0.00
28.11,-5.22,0.00
28.13,-5.23,0.00
28.16,-5.24,0.00
28.18,-5.24,0.00
28.21,-5.25,0.00
28.23,-5.26,0.00
28.26,-5.26,0.00
28.28,-5.27,0.00
28.31,-5.27,0.00
28.33,-5.28,0.00
28.36,-5.29,0.00
28.38,-5.29,0.00
28.41,-5.30,0.00
28.43,-5.30,0.00
28.46,-5.31,0.00
28.48,-5.32,0.00
28.51,-5.32,0.00
28.53,-5.33,0.00
28.56,-5.33,0.00
28.58,-5.34,0.00
28.61,-5.34,0.00
28.64,-5.35,0.00
28.66,-5.35,0.00
28.69,-5.36,0.00
28.71,-5.36,0.00
28.74,-5.37,0.00
28.76,-5.37,0.00
28.79,-5.38,0.00
28.82,-5.38,0.00
28.84,-5.39,0.00
28.87,-5.39,0.00
28.89,-5.39,0.00
28.92,-5.40,0.00
28.94,-5.40,0.00
28.97,-5.41,0.00
29.00,-5.41,0.00
29.02,-5.41,0.00
29.05,-5.42,0.00
29.07,-5.42,0.00
29.10,-5.42,0.00
29.13,-5.43,0.00
29.15,-5.43,0.00
29.18,-5.43,0.00
29.20,-5.44,0.00
29.23,-5.44,0.00
29.26,-5.44,0.00
29.28,-5.44,0.00
29.31,-5.45,0.00
29.34,-5.45,0.00
29.36,-5.45,0.00
29.39,-5.45,0.00
29.41,-5.46,0.00
29.44,-5.46,0.00
29.47,-5.46,0.00
29.49,-5.46,0.00
29.52,-5.46,0.00
29.55,-5.47,0.00
29.57,-5.47,0.00
29.60,-5.47,0.00
29.62,-5.47,0.00
29.65,-5.47,0.00
29.68,-5.47,0.00
29.70,-5.47,0.00
29.73,-5.47,0.00
29.76,-5.47,0.00
29.78,-5.48,0.00
29.81,-5.48,0.00
29.84,-5.48,0.00
29.86,-5.48,0.00
29.89,-5.48,0.00
29.91,-5.48,0.00
29.94,-5.48,0.00
29.97,-5.48,0.00
29.99,-5.48,0.00
30.02,-5.48,0.00
30.05,-5.48,0.00
30.07,-5.48,0.00
30.10,-5.47,0.00
30.13,-5.47,0.00
30.15,-5.47,0.00
30.18,-5.47,0.00
30.20,-5.47,0.00
30.23,-5.47,0.00
30.26,-5.47,0.00
30.28,-5.47,0.00
30.31,-5.47,0.00
30.34,-5.46,0.00
30.36,-5.46,0.00
30.39,-5.46,0.00
30.41,-5.46,0.00
30.44,-5.46,0.00
30.47,-5.45,0.00
30.49,-5.45,0.00
30.52,-5.45,0.00
30.55,-5.45,0.00
30.57,-5.44,0.00
30.60,-5.44,0.00
30.62,-5.44,0.00
30.65,-5.44,0.00
30.68,-5.43,0.00
30.70,-5.43,0.00
30.73,-5.43,0.00
30.75,-5.42,0.00
30.78,-5.42,0.00
30.81,-5.42,0.00
30.83,-5.41,0.00
30.86,-5.41,0.00
30.88,-5.40,0.00
30.91,-5.40,0.00
30.94,-5.40,0.00
30.96,-5.39,0.00
30.99,-5.39,0.00
31.01,-5.38,0.00
31.04,-5.38,0.00
31.06,-5.38,0.00
31.09,-5.37,0.00
31.12,-5.37,0.00
31.14,-5.36,0.00
31.17,-5.36,0.00
31.19,-5.35,0.00
31.22,-5.35,0.00
31.24,-5.34,0.00
31.27,-5.34,0.00
31.29,-5.33,0.00
31.32,-5.32,0.00
31.34,-5.32,0.00
31.37,-5.31,0.00
31.40,-5.31,0.00
31.42,-5.30,0.00
31.45,-5.30,0.00
31.47,-5.29,0.00
31.50,-5.28,0.00
31.52,-5.28,0.00
31.55,-5.27,0.00
31.57,-5.27,0.00
31.60,-5.26,0.00
31.62,-5.25,0.00
31.65,-5.25,0.00
31.67,-5.24,0.00
31.70,-5.23,0.00
31.72,-5.22,0.00
31.74,-5.22,0.00
31.77,-5.21,0.00
31.79,-5.20,0.00
31.82,-5.20,0.00
31.84,-5.19,0.00
31.87,-5.18,0.00
31.89,-5.17,0.00
31.92,-5.17,0.00
31.94,-5.16,0.00
31.97,-5.15,0.00
31.99,-5.14,0.00
32.01,-5.14,0.00
32.04,-5.13,0.00
32.06,-5.12,0.00
32.09,-5.11,0.00
32.11,-5.10,0.00
32.14,-5.10,0.00
32.16,-5.09,0.00
32.18,-5.08,0.00
32.21,-5.07,0.00
32.23,-5.06,0.00
32.25,-5.05,0.00
32.28,-5.05,0.00
32.30,-5.04,0.00
32.33,-5.03,0.00
32.35,-5.02,0.00
32.37,-5.01,0.00
32.40,-5.00,0.00
32.42,-4.99,0.00
32.44,-4.98,0.00
32.47,-4.97,0.00
32.49,-4.96,0.00
32.52,-4.95,0.00
32.54,-4.95,0.00
32.56,-4.94,0.00
32.59,-4.93,0.00
32.61,-4.92,0.00
32.63,-4.91,0.00
32.66,-4.90,0.00
32.68,-4.89,0.00
32.70,-4.88,0.00
32.73,-4.87,0.00
32.75,-4.86,0.00
32.77,-4.85,0.00
32.79,-4.84,0.00
32.82,-4.83,0.00
32.84,-4.82,0.00
32.86,-4.81,0.00
32.89,-4.80,0.00
32.91,-4.79,0.00
32.93,-4.78,0.00
32.95,-4.77,0.00
32.98,-4.76,0.00
33.00,-4.75,0.00
33.02,-4.73,0.00
33.05,-4.72,0.00
33.07,-4.71,0.00
33.09,-4.70,0.00
33.11,-4.69,0.00
33.14,-4.68,0.00
33.16,-4.67,0.00
33.18,-4.66,0.00
33.20,-4.65,0.00
33.23,-4.64,0.00
33.25,-4.63,0.00
33.27,-4.62,0.00
33.29,-4.60,0.00
33.31,-4.59,0.00
33.34,-4.58,0.00
33.36,-4.57,0.00
33.38,-4.56,0.00
33.40,-4.55,0.00
33.43,-4.54,0.00
33.45,-4.52,0.00
33.47,-4.51,0.00
33.49,-4.50,0.00
33.51,-4.49,0.00
33.53,-4.48,0.00
33.56,-4.47,0.00
33.58,-4.45,0.00
33.60,-4.44,0.00
33.62,-4.43,0.00
33.64,-4.42,0.00
33.67,-4.41,0.00
33.69,-4.40,0.00
33.71,-4.38,0.00
33.73,-4.37,0.00
33.75,-4.36,0.00
33.77,-4.35,0.00
33.80,-4.33,0.00
33.82,-4.32,0.00
33.84,-4.31,0.00
33.86,-4.30,0.00
33.88,-4.29,0.00
33.90,-4.27,0.00
33.92,-4.26,0.00
33.95,-4.25,0.00
33.97,-4.24,0.00
33.99,-4.22,0.00
34.01,-4.21,0.00
34.03,-4.20,0.00
34.05,-4.19,0.00
34.07,-4.17,0.00
34.09,-4.16,0.00
34.12,-4.15,0.00
34.14,-4.14,0.00
34.16,-4.12,0.00
34.18,-4.11,0.00
34.20,-4.10,0.00
34.22,-4.08,0.00
34.24,-4.07,0.00
34.26,-4.06,0.00
34.28,-4.05,0.00
34.30,-4.03,0.00
34.33,-4.02,0.00
34.35,-4.01,0.00
34.37,-3.99,0.00
34.39,-3.98,0.00
34.41,-3.97,0.00
34.43,-3.96,0.00
34.45,-3.94,0.00
34.47,-3.93,0.00
34.49,-3.92,0.00
34.51,-3.90,0.00
34.53,-3.89,0.00
34.55,-3.88,0.00
34.57,-3.86,0.00
34.60,-3.85,0.00
34.62,-3.84,0.00
34.64,-3.82,0.00
34.66,-3.81,0.00
34.68,-3.80,0.00
34.70,-3.78,0.00
34.72,-3.77,0.00
34.74,-3.76,0.00
34.76,-3.74,0.00
34.78,-3.73,0.00
34.80,-3.72,0.00
34.82,-3.70,0.00
34.84,-3.69,0.00
34.86,-3.68,0.00
34.88,-3.66,0.00
34.90,-3.65,0.00
34.92,-3.64,0.00
34.94,-3.62,0.00
34.96,-3.61,0.00
34.98,-3.60,0.00
35.00,-3.58,0.00
35.02,-3.57,0.00
35.04,-3.56,0.00
35.06,-3.54,0.00
35.08,-3.53,0.00
35.10,-3.52,0.00
35.12,-3.50,0.00
35.14,-3.49,0.00
35.16,-3.48,0.00
35.18,-3.46,0.00
35.20,-3.45,0.00
35.22,-3.44,0.00
35.24,-3.42,0.00
35.26,-3.41,0.00
35.28,-3.39,0.00
35.30,-3.38,0.00
35.32,-3.37,0.00
35.34,-3.35,0.00
35.36,-3.34,0.00
35.38,-3.33,0.00
35.40,-3.31,0.00
35.42,-3.30,0.00
35.44,-3.29,0.00
35.46,-3.27,0.00
35.48,-3.26,0.00
35.50,-3.25,0.00
35.52,-3.23,0.00
35.54,-3.22,0.00
35.56,-3.21,0.00
35.58,-3.19,0.00
35.60,-3.18,0.00
35.62,-3.16,0.00
35.64,-3.15,0.00
35.66,-3.14,0.00
35.67,-3.12,0.00
35.69,-3.11,0.00
35.71,-3.10,0.00
35.73,-3.08,0.00
35.75,-3.07,0.00
35.77,-3.06,0.00
35.79,-3.04,0.00
35.81,-3.03,0.00
35.83,-3.02,0.00
35.85,-3.00,0.00
35.87,-2.99,0.00
35.89,-2.98,0.00
35.91,-2.96,0.00
35.93,-2.95,0.00
35.95,-2.94,0.00
35.96,-2.92,0.00
35.98,-2.91,0.00
36.00,-2.90,0.00
36.02,-2.88,0.00
36.04,-2.87,0.00
36.06,-2.86,0.00
36.08,-2.84,0.00
36.10,-2.83,0.00
36.12,-2.82,0.00
36.14,-2.80,0.00
36.16,-2.79,0.00
36.17,-2.78,0.00
36.19,-2.76,0.00
36.21,-2.75,0.00
36.23,-2.74,0.00
36.25,-2.72,0.00
36.27,-2.71,0.00
36.29,-2.70,0.00
36.31,-2.68,0.00
36.33,-2.67,0.00
36.34,-2.66,0.00
36.36,-2.65,0.00
36.38,-2.63,0.00
36.40,-2.62,0.00
36.42,-2.61,0.00
36.44,-2.59,0.00
36.46,-2.58,0.00
36.48,-2.57,0.00
36.49,-2.56,0.00
36.51,-2.54,0.00
36.53,-2.53,0.00
36.55,-2.52,0.00
36.57,-2.50,0.00
36.59,-2.49,0.00
36.61,-2.48,0.00
36.62,-2.47,0.00
36.64,-2.45,0.00
36.66,-2.44,0.00
36.68,-2.43,0.00
36.70,-2.42,0.00
36.72,-2.40,0.00
36.74,-2.39,0.00
36.75,-2.38,0.00
36.77,-2.37,0.00
36.79,-2.35,0.00
36.81,-2.34,0.00
36.83,-2.33,0.00
36.85,-2.32,0.00
36.86,-2.31,0.00
36.88,-2.29,0.00
36.90,-2.28,0.00
36.92,-2.27,0.00
36.94,-2.26,0.00
36.95,-2.25,0.00
36.97,-2.23,0.00
36.99,-2.22,0.00
37.01,-2.21,0.00
37.03,-2.20,0.00
37.05,-2.19,0.00
37.06,-2.17,0.00
37.08,-2.16,0.00
37.10,-2.15,0.00
37.12,-2.14,0.00
37.14,-2.13,0.00
37.15,-2.12,0.00
37.17,-2.10,0.00
37.19,-2.09,0.00
37.21,-2.08,0.00
37.23,-2.07,0.00
37.24,-2.06,0.00
37.26,-2.05,0.00
37.28,-2.04,0.00
37.30,-2.02,0.00
37.31,-2.01,0.00
37.33,-2.00,0.00
37.35,-1.99,0.00
37.37,-1.98,0.00
37.39,-1.97,0.00
37.40,-1.96,0.00
37.42,-1.95,0.00
37.44,-1.94,0.00
37.46,-1.93,0.00
37.47,-1.91,0.00
37.49,-1.90,0.00
37.51,-1.89,0.00
37.53,-1.88,0.00
37.54,-1.87,0.00
37.56,-1.86,0.00
37.58,-1.85,0.00
37.60,-1.84,0.00
37.61,-1.83,0.00
37.63,-1.82,0.00
37.65,-1.81,0.00
37.67,-1.80,0.00
37.68,-1.79,0.00
37.70,-1.78,0.00
37.72,-1.77,0.00
37.74,-1.76,0.00
37.75,-1.75,0.00
37.77,-1.74,0.00
37.79,-1.73,0.00
37.81,-1.72,0.00
37.82,-1.71,0.00
37.84,-1.70,0.00
37.86,-1.69,0.00
37.87,-1.68,0.00
37.89,-1.67,0.00
37.91,-1.66,0.00
37.93,-1.65,0.00
37.94,-1.64,0.00
37.96,-1.63,0.00
37.98,-1.62,0.00
37.99,-1.61,0.00
38.01,-1.60,0.00
38.03,-1.59,0.00
38.05,-1.59,0.00
38.06,-1.58,0.00
38.08,-1.57,0.00
38.10,-1.56,0.00
38.11,-1.55,0.00
38.13,-1.54,0.00
38.15,-1.53,0.00
38.16,-1.52,0.00
38.18,-1.51,0.00
38.20,-1.51,0.00
38.21,-1.50,0.00
38.23,-1.49,0.00
38.25,-1.48,0.00
38.26,-1.47,0.00
38.28,-1.46,0.00
38.30,-1.45,0.00
38.32,-1.45,0.00
38.33,-1.44,0.00
38.35,-1.43,0.00
38.36,-1.42,0.00
38.38,-1.41,0.00
38.40,-1.41,0.00
38.41,-1.40,0.00
38.43,-1.39,0.00
38.45,-1.38,0.00
38.46,-1.38,0.00
38.48,-1.37,0.00
38.50,-1.36,0.00
38.51,-1.35,0.00
38.53,-1.34,0.00
38.55,-1.34,0.00
38.56,-1.33,0.00
38.58,-1.32,0.00
38.60,-1.32,0.00
38.61,-1.31,0.00
38.63,-1.30,0.00
38.64,-1.29,0.00
38.66,-1.29,0.00
38.68,-1.28,0.00
38.69,-1.27,0.00
38.71,-1.27,0.00
38.73,-1.26,0.00
38.74,-1.25,0.00
38.76,-1.25,0.00
38.77,-1.24,0.00
38.79,-1.23,0.00
38.81,-1.23,0.00
38.82,-1.22,0.00
38.84,-1.21,0.00
38.86,-1.21,0.00
38.87,-1.20,0.00
38.89,-1.19,0.00
38.90,-1.19,0.00
38.92,-1.18,0.00
38.94,-1.18,0.00
38.95,-1.17,0.00
38.97,-1.16,0.00
38.98,-1.16,0.00
39.00,-1.15,0.00
39.02,-1.15,0.00
39.03,-1.14,0.00
39.05,-1.14,0.00
39.06,-1.13,0.00
39.08,-1.12,0.00
39.10,-1.12,0.00
39.11,-1.11,0.00
39.13,-1.11,0.00
39.14,-1.10,0.00
39.16,-1.10,0.00
39.17,-1.09,0.00
39.19,-1.09,0.00
39.21,-1.08,0.00
39.22,-1.08,0.00
39.24,-1.07,0.00
39.25,-1.07,0.00
39.27,-1.06,0.00
39.29,-1.06,0.00
39.30,-1.05,0.00
39.32,-1.05,0.00
39.33,-1.04,0.00
39.35,-1.04,0.00
39.36,-1.03,0.00
39.38,-1.03,0.00
39.40,-1.03,0.00
39.41,-1.02,0.00
39.43,-1.02,0.00
39.44,-1.01,0.00
39.46,-1.01,0.00
39.48,-1.00,0.00
39.49,-1.00,0.00
39.51,-1.00,0.00
39.52,-0.99,0.00
39.54,-0.99,0.00
39.55,-0.99,0.00
39.57,-0.98,0.00
39.59,-0.98,0.00
39.60,-0.97,0.00
39.62,-0.97,0.00
39.63,-0.97,0.00
39.65,-0.96,0.00
39.66,-0.96,0.00
39.68,-0.96,0.00
39.70,-0.95,0.00
39.71,-0.95,0.00
39.73,-0.95,0.00
39.74,-0.94,0.00
39.76,-0.94,0.00
39.78,-0.94,0.00
39.79,-0.93,0.00
39.81,-0.93,0.00
39.82,-0.93,0.00
39.84,-0.93,0.00
39.86,-0.92,0.00
39.87,-0.92,0.00
39.89,-0.92,0.00
39.90,-0.91,0.00
39.92,-0.91,0.00
39.94,-0.91,0.00
39.95,-0.91,0.00
39.97,-0.90,0.00
39.98,-0.90,0.00
40.00,-0.90,0.00
