6.02,-2.10,0.00
6.03,-2.11,0.00
6.04,-2.11,0.00
6.04,-2.12,0.00
6.05,-2.13,0.00
6.06,-2.13,0.00
6.07,-2.14,0.00
6.08,-2.14,0.00
6.09,-2.15,0.00
6.10,-2.15,0.00
6.10,-2.16,0.00
6.11,-2.17,0.00
6.12,-2.17,0.00
6.13,-2.18,0.00
6.14,-2.18,0.00
6.15,-2.19,0.00
6.16,-2.19,0.00
6.16,-2.20,0.00
6.17,-2.21,0.00
6.18,-2.21,0.00
6.19,-2.22,0.00
6.20,-2.22,0.00
6.21,-2.23,0.00
6.22,-2.23,0.00
6.22,-2.24,0.00
6.23,-2.24,0.00
6.24,-2.25,0.00
6.25,-2.26,0.00
6.26,-2.26,0.00
6.27,-2.27,0.00
6.28,-2.27,0.00
6.29,-2.28,0.00
6.29,-2.28,0.00
6.30,-2.29,0.00
6.31,-2.30,0.00
6.32,-2.30,0.00
6.33,-2.31,0.00
6.34,-2.31,0.00
6.35,-2.32,0.00
6.35,-2.32,0.00
6.36,-2.33,0.00
6.37,-2.33,0.00
6.38,-2.34,0.00
6.39,-2.35,0.00
6.40,-2.35,0.00
6.41,-2.36,0.00
6.42,-2.36,0.00
6.42,-2.37,0.00
6.43,-2.37,0.00
6.44,-2.38,0.00
6.45,-2.38,0.00
6.46,-2.39,0.00
6.47,-2.40,0.00
6.48,-2.40,0.00
6.49,-2.41,0.00
6.49,-2.41,0.00
6.50,-2.42,0.00
6.51,-2.42,0.00
6.52,-2.43,0.00
6.53,-2.43,0.00
6.54,-2.44,0.00
6.55,-2.44,0.00
6.56,-2.45,0.00
6.56,-2.46,0.00
6.57,-2.46,0.00
6.58,-2.47,0.00
6.59,-2.47,0.00
6.60,-2.48,0.00
6.61,-2.48,0.00
6.62,-2.49,0.00
6.63,-2.49,0.00
6.63,-2.50,0.00
6.64,-2.50,0.00
6.65,-2.51,0.00
6.66,-2.52,0.00
6.67,-2.52,0.00
6.68,-2.53,0.00
6.69,-2.53,0.00
6.70,-2.54,0.00
6.70,-2.54,0.00
6.71,-2.55,0.00
6.72,-2.55,0.00
6.73,-2.56,0.00
6.74,-2.56,0.00
6.75,-2.57,0.00
6.76,-2.57,0.00
6.77,-2.58,0.00
6.78,-2.58,0.00
6.78,-2.59,0.00
6.79,-2.60,0.00
6.80,-2.60,0.00
6.81,-2.61,0.00
6.82,-2.61,0.00
6.83,-2.62,0.00
6.84,-2.62,0.00
6.85,-2.63,0.00
6.85,-2.63,0.00
6.86,-2.64,0.00
6.87,-2.64,0.00
6.88,-2.65,0.00
6.89,-2.65,0.00
6.90,-2.66,0.00
6.91,-2.66,0.00
6.92,-2.67,0.00
6.93,-2.67,0.00
6.93,-2.68,0.00
6.94,-2.68,0.00
6.95,-2.69,0.00
6.96,-2.69,0.00
6.97,-2.70,0.00
6.98,-2.71,0.00
6.99,-2.71,0.00
7.00,-2.72,0.00
7.01,-2.72,0.00
7.02,-2.73,0.00
7.02,-2.73,0.00
7.03,-2.74,0.00
7.04,-2.74,0.00
7.05,-2.75,0.00
7.06,-2.75,0.00
7.07,-2.76,0.00
7.08,-2.76,0.00
7.09,-2.77,0.00
7.10,-2.77,0.00
7.11,-2.78,0.00
7.11,-2.78,0.00
7.12,-2.79,0.00
7.13,-2.79,0.00
7.14,-2.80,0.00
7.15,-2.80,0.00
7.16,-2.81,0.00
7.17,-2.81,0.00
7.18,-2.82,0.00
7.19,-2.82,0.00
7.20,-2.83,0.00
7.20,-2.83,0.00
7.21,-2.84,0.00
7.22,-2.84,0.00
7.23,-2.85,0.00
7.24,-2.85,0.00
7.25,-2.86,0.00
7.26,-2.86,0.00
7.27,-2.87,0.00
7.28,-2.87,0.00
7.29,-2.88,0.00
7.30,-2.88,0.00
7.30,-2.89,0.00
7.31,-2.89,0.00
7.32,-2.90,0.00
7.33,-2.90,0.00
7.34,-2.91,0.00
7.35,-2.91,0.00
7.36,-2.91,0.00
7.37,-2.92,0.00
7.38,-2.92,0.00
7.39,-2.93,0.00
7.40,-2.93,0.00
7.40,-2.94,0.00
7.41,-2.94,0.00
7.42,-2.95,0.00
7.43,-2.95,0.00
7.44,-2.96,0.00
7.45,-2.96,0.00
7.46,-2.97,0.00
7.47,-2.97,0.00
7.48,-2.98,0.00
7.49,-2.98,0.00
7.50,-2.99,0.00
7.51,-2.99,0.00
7.51,-3.00,0.00
7.52,-3.00,0.00
7.53,-3.00,0.00
7.54,-3.01,0.00
7.55,-3.01,0.00
7.56,-3.02,0.00
7.57,-3.02,0.00
7.58,-3.03,0.00
7.59,-3.03,0.00
7.60,-3.04,0.00
7.61,-3.04,0.00
7.62,-3.05,0.00
7.63,-3.05,0.00
7.63,-3.05,0.00
7.64,-3.06,0.00
7.65,-3.06,0.00
7.66,-3.07,0.00
7.67,-3.07,0.00
7.68,-3.08,0.00
7.69,-3.08,0.00
7.70,-3.09,0.00
7.71,-3.09,0.00
7.72,-3.09,0.00
7.73,-3.10,0.00
7.74,-3.10,0.00
7.75,-3.11,0.00
7.76,-3.11,0.00
7.77,-3.12,0.00
7.77,-3.12,0.00
7.78,-3.13,0.00
7.79,-3.13,0.00
7.80,-3.13,0.00
7.81,-3.14,0.00
7.82,-3.14,0.00
7.83,-3.15,0.00
7.84,-3.15,0.00
7.85,-3.16,0.00
7.86,-3.16,0.00
7.87,-3.16,0.00
7.88,-3.17,0.00
7.89,-3.17,0.00
7.90,-3.18,0.00
7.91,-3.18,0.00
7.92,-3.18,0.00
7.93,-3.19,0.00
7.93,-3.19,0.00
7.94,-3.20,0.00
7.95,-3.20,0.00
7.96,-3.21,0.00
7.97,-3.21,0.00
7.98,-3.21,0.00
7.99,-3.22,0.00
8.00,-3.22,0.00
8.01,-3.23,0.00
8.02,-3.23,0.00
8.03,-3.23,0.00
8.04,-3.24,0.00
8.05,-3.24,0.00
8.06,-3.25,0.00
8.07,-3.25,0.00
8.08,-3.25,0.00
8.09,-3.26,0.00
8.10,-3.26,0.00
8.11,-3.26,0.00
8.12,-3.27,0.00
8.12,-3.27,0.00
8.13,-3.28,0.00
8.14,-3.28,0.00
8.15,-3.28,0.00
8.16,-3.29,0.00
8.17,-3.29,0.00
8.18,-3.30,0.00
8.19,-3.30,0.00
8.20,-3.30,0.00
8.21,-3.31,0.00
8.22,-3.31,0.00
8.23,-3.31,0.00
8.24,-3.32,0.00
8.25,-3.32,0.00
8.26,-3.33,0.00
8.27,-3.33,0.00
8.28,-3.33,0.00
8.29,-3.34,0.00
8.30,-3.34,0.00
8.31,-3.34,0.00
8.32,-3.35,0.00
8.33,-3.35,0.00
8.34,-3.35,0.00
8.35,-3.36,0.00
8.36,-3.36,0.00
8.37,-3.36,0.00
8.38,-3.37,0.00
8.39,-3.37,0.00
8.40,-3.37,0.00
8.40,-3.38,0.00
8.41,-3.38,0.00
8.42,-3.38,0.00
8.43,-3.39,0.00
8.44,-3.39,0.00
8.45,-3.39,0.00
8.46,-3.40,0.00
8.47,-3.40,0.00
8.48,-3.40,0.00
8.49,-3.41,0.00
8.50,-3.41,0.00
8.51,-3.41,0.00
8.52,-3.42,0.00
8.53,-3.42,0.00
8.54,-3.42,0.00
8.55,-3.43,0.00
8.56,-3.43,0.00
8.57,-3.43,0.00
8.58,-3.44,0.00
8.59,-3.44,0.00
8.60,-3.44,0.00
8.61,-3.45,0.00
8.62,-3.45,0.00
8.63,-3.45,0.00
8.64,-3.46,0.00
8.65,-3.46,0.00
8.66,-3.46,0.00
8.67,-3.46,0.00
8.68,-3.47,0.00
8.69,-3.47,0.00
8.70,-3.47,0.00
8.71,-3.48,0.00
8.72,-3.48,0.00
8.73,-3.48,0.00
8.74,-3.48,0.00
8.75,-3.49,0.00
8.76,-3.49,0.00
8.77,-3.49,0.00
8.78,-3.50,0.00
8.79,-3.50,0.00
8.80,-3.50,0.00
8.81,-3.50,0.00
8.82,-3.51,0.00
8.83,-3.51,0.00
8.84,-3.51,0.00
8.85,-3.51,0.00
8.86,-3.52,0.00
8.87,-3.52,0.00
8.88,-3.52,0.00
8.89,-3.52,0.00
8.90,-3.53,0.00
8.91,-3.53,0.00
8.92,-3.53,0.00
8.93,-3.53,0.00
8.94,-3.54,0.00
8.95,-3.54,0.00
8.96,-3.54,0.00
8.97,-3.54,0.00
8.98,-3.55,0.00
8.99,-3.55,0.00
9.00,-3.55,0.00
9.01,-3.55,0.00
9.02,-3.56,0.00
9.03,-3.56,0.00
9.04,-3.56,0.00
9.05,-3.56,0.00
9.06,-3.57,0.00
9.07,-3.57,0.00
9.08,-3.57,0.00
9.09,-3.57,0.00
9.10,-3.57,0.00
9.11,-3.58,0.00
9.12,-3.58,0.00
9.13,-3.58,0.00
9.14,-3.58,0.00
9.15,-3.58,0.00
9.16,-3.59,0.00
9.17,-3.59,0.00
9.18,-3.59,0.00
9.19,-3.59,0.00
9.20,-3.59,0.00
9.21,-3.60,0.00
9.22,-3.60,0.00
9.23,-3.60,0.00
9.24,-3.60,0.00
9.25,-3.60,0.00
9.26,-3.61,0.00
9.27,-3.61,0.00
9.28,-3.61,0.00
9.29,-3.61,0.00
9.30,-3.61,0.00
9.31,-3.61,0.00
9.32,-3.62,0.00
9.33,-3.62,0.00
9.34,-3.62,0.00
9.35,-3.62,0.00
9.36,-3.62,0.00
9.37,-3.62,0.00
9.38,-3.63,0.00
9.39,-3.63,0.00
9.40,-3.63,0.00
9.41,-3.63,0.00
9.42,-3.63,0.00
9.43,-3.63,0.00
9.45,-3.63,0.00
9.46,-3.64,0.00
9.47,-3.64,0.00
9.48,-3.64,0.00
9.49,-3.64,0.00
9.50,-3.64,0.00
9.51,-3.64,0.00
9.52,-3.64,0.00
9.53,-3.64,0.00
9.54,-3.65,0.00
9.55,-3.65,0.00
9.56,-3.65,0.00
9.57,-3.65,0.00
9.58,-3.65,0.00
9.59,-3.65,0.00
9.60,-3.65,0.00
9.61,-3.65,0.00
9.62,-3.65,0.00
9.63,-3.66,0.00
9.64,-3.66,0.00
9.65,-3.66,0.00
9.66,-3.66,0.00
9.67,-3.66,0.00
9.68,-3.66,0.00
9.69,-3.66,0.00
9.70,-3.66,0.00
9.71,-3.66,0.00
9.72,-3.66,0.00
9.73,-3.66,0.00
9.74,-3.67,0.00
9.75,-3.67,0.00
9.76,-3.67,0.00
9.77,-3.67,0.00
9.78,-3.67,0.00
9.79,-3.67,0.00
9.80,-3.67,0.00
9.81,-3.67,0.00
9.82,-3.67,0.00
9.84,-3.67,0.00
9.85,-3.67,0.00
9.86,-3.67,0.00
9.87,-3.67,0.00
9.88,-3.67,0.00
9.89,-3.67,0.00
9.90,-3.67,0.00
9.91,-3.67,0.00
9.92,-3.67,0.00
9.93,-3.67,0.00
9.94,-3.68,0.00
9.95,-3.68,0.00
9.96,-3.68,0.00
9.97,-3.68,0.00
9.98,-3.68,0.00
9.99,-3.68,0.00
10.00,-3.68,0.00
10.01,-3.68,0.00
10.02,-3.68,0.00
10.03,-3.68,0.00
10.04,-3.68,0.00
10.05,-3.68,0.00
10.06,-3.68,0.00
10.07,-3.68,0.00
10.08,-3.68,0.00
10.09,-3.68,0.00
10.10,-3.68,0.00
10.11,-3.68,0.00
10.12,-3.68,0.00
10.13,-3.68,0.00
10.14,-3.68,0.00
10.15,-3.68,0.00
10.17,-3.68,0.00
10.18,-3.68,0.00
10.19,-3.68,0.00
10.20,-3.68,0.00
10.21,-3.68,0.00
10.22,-3.68,0.00
10.23,-3.67,0.00
10.24,-3.67,0.00
10.25,-3.67,0.00
10.26,-3.67,0.00
10.27,-3.67,0.00
10.28,-3.67,0.00
10.29,-3.67,0.00
10.30,-3.67,0.00
10.31,-3.67,0.00
10.32,-3.67,0.00
10.33,-3.67,0.00
10.34,-3.67,0.00
10.35,-3.67,0.00
10.36,-3.67,0.00
10.37,-3.67,0.00
10.38,-3.67,0.00
10.39,-3.67,0.00
10.40,-3.67,0.00
10.41,-3.66,0.00
10.42,-3.66,0.00
10.43,-3.66,0.00
10.44,-3.66,0.00
10.45,-3.66,0.00
10.46,-3.66,0.00
10.47,-3.66,0.00
10.48,-3.66,0.00
10.49,-3.66,0.00
10.51,-3.66,0.00
10.52,-3.66,0.00
10.53,-3.66,0.00
10.54,-3.65,0.00
10.55,-3.65,0.00
10.56,-3.65,0.00
10.57,-3.65,0.00
10.58,-3.65,0.00
10.59,-3.65,0.00
10.60,-3.65,0.00
10.61,-3.65,0.00
10.62,-3.65,0.00
10.63,-3.64,0.00
10.64,-3.64,0.00
10.65,-3.64,0.00
10.66,-3.64,0.00
10.67,-3.64,0.00
10.68,-3.64,0.00
10.69,-3.64,0.00
10.70,-3.64,0.00
10.71,-3.63,0.00
10.72,-3.63,0.00
10.73,-3.63,0.00
10.74,-3.63,0.00
10.75,-3.63,0.00
10.76,-3.63,0.00
10.77,-3.63,0.00
10.78,-3.62,0.00
10.79,-3.62,0.00
10.80,-3.62,0.00
10.81,-3.62,0.00
10.82,-3.62,0.00
10.83,-3.62,0.00
10.84,-3.61,0.00
10.85,-3.61,0.00
10.86,-3.61,0.00
10.87,-3.61,0.00
10.88,-3.61,0.00
10.89,-3.61,0.00
10.90,-3.60,0.00
10.91,-3.60,0.00
10.92,-3.60,0.00
10.93,-3.60,0.00
10.94,-3.60,0.00
10.95,-3.59,0.00
10.96,-3.59,0.00
10.97,-3.59,0.00
10.98,-3.59,0.00
11.00,-3.59,0.00
11.01,-3.58,0.00
11.02,-3.58,0.00
11.03,-3.58,0.00
11.04,-3.58,0.00
11.05,-3.58,0.00
11.06,-3.57,0.00
11.07,-3.57,0.00
11.08,-3.57,0.00
11.09,-3.57,0.00
11.10,-3.57,0.00
11.11,-3.56,0.00
11.12,-3.56,0.00
11.13,-3.56,0.00
11.14,-3.56,0.00
11.15,-3.56,0.00
11.16,-3.55,0.00
11.17,-3.55,0.00
11.18,-3.55,0.00
11.19,-3.55,0.00
11.20,-3.54,0.00
11.21,-3.54,0.00
11.22,-3.54,0.00
11.23,-3.54,0.00
11.24,-3.53,0.00
11.25,-3.53,0.00
11.26,-3.53,0.00
11.27,-3.53,0.00
11.28,-3.52,0.00
11.29,-3.52,0.00
11.30,-3.52,0.00
11.31,-3.52,0.00
11.32,-3.51,0.00
11.33,-3.51,0.00
11.34,-3.51,0.00
11.35,-3.51,0.00
11.36,-3.50,0.00
11.37,-3.50,0.00
11.38,-3.50,0.00
11.39,-3.50,0.00
11.40,-3.49,0.00
11.41,-3.49,0.00
11.42,-3.49,0.00
11.43,-3.48,0.00
11.44,-3.48,0.00
11.45,-3.48,0.00
11.46,-3.48,0.00
11.47,-3.47,0.00
11.48,-3.47,0.00
11.49,-3.47,0.00
11.50,-3.46,0.00
11.51,-3.46,0.00
11.52,-3.46,0.00
11.53,-3.46,0.00
11.54,-3.45,0.00
11.55,-3.45,0.00
11.56,-3.45,0.00
11.57,-3.44,0.00
11.58,-3.44,0.00
11.59,-3.44,0.00
11.59,-3.43,0.00
11.60,-3.43,0.00
11.61,-3.43,0.00
11.62,-3.43,0.00
11.63,-3.42,0.00
11.64,-3.42,0.00
11.65,-3.42,0.00
11.66,-3.41,0.00
11.67,-3.41,0.00
11.68,-3.41,0.00
11.69,-3.40,0.00
11.70,-3.40,0.00
11.71,-3.40,0.00
11.72,-3.39,0.00
11.73,-3.39,0.00
11.74,-3.39,0.00
11.75,-3.38,0.00
11.76,-3.38,0.00
11.77,-3.38,0.00
11.78,-3.37,0.00
11.79,-3.37,0.00
11.80,-3.37,0.00
11.81,-3.36,0.00
11.82,-3.36,0.00
11.83,-3.36,0.00
11.84,-3.35,0.00
11.85,-3.35,0.00
11.86,-3.35,0.00
11.87,-3.34,0.00
11.88,-3.34,0.00
11.89,-3.34,0.00
11.90,-3.33,0.00
11.91,-3.33,0.00
11.92,-3.33,0.00
11.93,-3.32,0.00
11.94,-3.32,0.00
11.95,-3.31,0.00
11.96,-3.31,0.00
11.97,-3.31,0.00
11.98,-3.30,0.00
11.98,-3.30,0.00
11.99,-3.30,0.00
12.00,-3.29,0.00
12.01,-3.29,0.00
12.02,-3.29,0.00
12.03,-3.28,0.00
12.04,-3.28,0.00
12.05,-3.27,0.00
12.06,-3.27,0.00
12.07,-3.27,0.00
12.08,-3.26,0.00
12.09,-3.26,0.00
12.10,-3.26,0.00
12.11,-3.25,0.00
12.12,-3.25,0.00
12.13,-3.24,0.00
12.14,-3.24,0.00
12.15,-3.24,0.00
12.16,-3.23,0.00
12.17,-3.23,0.00
12.18,-3.22,0.00
12.19,-3.22,0.00
12.20,-3.22,0.00
12.21,-3.21,0.00
12.21,-3.21,0.00
12.22,-3.20,0.00
12.23,-3.20,0.00
12.24,-3.20,0.00
12.25,-3.19,0.00
12.26,-3.19,0.00
12.27,-3.18,0.00
12.28,-3.18,0.00
12.29,-3.18,0.00
12.30,-3.17,0.00
12.31,-3.17,0.00
12.32,-3.16,0.00
12.33,-3.16,0.00
12.34,-3.16,0.00
12.35,-3.15,0.00
12.36,-3.15,0.00
12.37,-3.14,0.00
12.38,-3.14,0.00
12.39,-3.14,0.00
12.40,-3.13,0.00
12.40,-3.13,0.00
12.41,-3.12,0.00
12.42,-3.12,0.00
12.43,-3.11,0.00
12.44,-3.11,0.00
12.45,-3.11,0.00
12.46,-3.10,0.00
12.47,-3.10,0.00
12.48,-3.09,0.00
12.49,-3.09,0.00
12.50,-3.08,0.00
12.51,-3.08,0.00
12.52,-3.08,0.00
12.53,-3.07,0.00
12.54,-3.07,0.00
12.55,-3.06,0.00
12.55,-3.06,0.00
12.56,-3.05,0.00
12.57,-3.05,0.00
12.58,-3.05,0.00
12.59,-3.04,0.00
12.60,-3.04,0.00
12.61,-3.03,0.00
12.62,-3.03,0.00
12.63,-3.02,0.00
12.64,-3.02,0.00
12.65,-3.01,0.00
12.66,-3.01,0.00
12.67,-3.01,0.00
12.68,-3.00,0.00
12.69,-3.00,0.00
12.69,-2.99,0.00
12.70,-2.99,0.00
12.71,-2.98,0.00
12.72,-2.98,0.00
12.73,-2.97,0.00
12.74,-2.97,0.00
12.75,-2.96,0.00
12.76,-2.96,0.00
12.77,-2.96,0.00
12.78,-2.95,0.00
12.79,-2.95,0.00
12.80,-2.94,0.00
12.81,-2.94,0.00
12.81,-2.93,0.00
12.82,-2.93,0.00
12.83,-2.92,0.00
12.84,-2.92,0.00
12.85,-2.91,0.00
12.86,-2.91,0.00
12.87,-2.90,0.00
12.88,-2.90,0.00
12.89,-2.90,0.00
12.90,-2.89,0.00
12.91,-2.89,0.00
12.92,-2.88,0.00
12.93,-2.88,0.00
12.93,-2.87,0.00
12.94,-2.87,0.00
12.95,-2.86,0.00
12.96,-2.86,0.00
12.97,-2.85,0.00
12.98,-2.85,0.00
12.99,-2.84,0.00
13.00,-2.84,0.00
13.01,-2.83,0.00
13.02,-2.83,0.00
13.03,-2.82,0.00
13.03,-2.82,0.00
13.04,-2.81,0.00
13.05,-2.81,0.00
13.06,-2.81,0.00
13.07,-2.80,0.00
13.08,-2.80,0.00
13.09,-2.79,0.00
13.10,-2.79,0.00
13.11,-2.78,0.00
13.12,-2.78,0.00
13.13,-2.77,0.00
13.14,-2.77,0.00
13.14,-2.76,0.00
13.15,-2.76,0.00
13.16,-2.75,0.00
13.17,-2.75,0.00
13.18,-2.74,0.00
13.19,-2.74,0.00
13.20,-2.73,0.00
13.21,-2.73,0.00
13.22,-2.72,0.00
13.23,-2.72,0.00
13.23,-2.71,0.00
13.24,-2.71,0.00
13.25,-2.70,0.00
13.26,-2.70,0.00
13.27,-2.69,0.00
13.28,-2.69,0.00
13.29,-2.68,0.00
13.30,-2.68,0.00
13.31,-2.67,0.00
13.32,-2.67,0.00
13.32,-2.66,0.00
13.33,-2.66,0.00
13.34,-2.65,0.00
13.35,-2.65,0.00
13.36,-2.64,0.00
13.37,-2.64,0.00
13.38,-2.63,0.00
13.39,-2.63,0.00
13.40,-2.62,0.00
13.41,-2.62,0.00
13.41,-2.61,0.00
13.42,-2.61,0.00
13.43,-2.60,0.00
13.44,-2.60,0.00
13.45,-2.59,0.00
13.46,-2.58,0.00
13.47,-2.58,0.00
13.48,-2.57,0.00
13.49,-2.57,0.00
13.49,-2.56,0.00
13.50,-2.56,0.00
13.51,-2.55,0.00
13.52,-2.55,0.00
13.53,-2.54,0.00
13.54,-2.54,0.00
13.55,-2.53,0.00
13.56,-2.53,0.00
13.57,-2.52,0.00
13.57,-2.52,0.00
13.58,-2.51,0.00
13.59,-2.51,0.00
13.60,-2.50,0.00
13.61,-2.50,0.00
13.62,-2.49,0.00
13.63,-2.48,0.00
13.64,-2.48,0.00
13.65,-2.47,0.00
13.65,-2.47,0.00
13.66,-2.46,0.00
13.67,-2.46,0.00
13.68,-2.45,0.00
13.69,-2.45,0.00
13.70,-2.44,0.00
13.71,-2.44,0.00
13.72,-2.43,0.00
13.72,-2.43,0.00
13.73,-2.42,0.00
13.74,-2.41,0.00
13.75,-2.41,0.00
13.76,-2.40,0.00
13.77,-2.40,0.00
13.78,-2.39,0.00
13.79,-2.39,0.00
13.79,-2.38,0.00
13.80,-2.38,0.00
13.81,-2.37,0.00
13.82,-2.37,0.00
13.83,-2.36,0.00
13.84,-2.35,0.00
13.85,-2.35,0.00
13.86,-2.34,0.00
13.86,-2.34,0.00
13.87,-2.33,0.00
13.88,-2.33,0.00
13.89,-2.32,0.00
13.90,-2.32,0.00
13.91,-2.31,0.00
13.92,-2.31,0.00
13.93,-2.30,0.00
13.93,-2.29,0.00
13.94,-2.29,0.00
13.95,-2.28,0.00
13.96,-2.28,0.00
13.97,-2.27,0.00
13.98,-2.27,0.00
13.99,-2.26,0.00
14.00,-2.26,0.00
14.00,-2.25,0.00
14.01,-2.24,0.00
14.02,-2.24,0.00
14.03,-2.23,0.00
14.04,-2.23,0.00
14.05,-2.22,0.00
14.06,-2.22,0.00
14.06,-2.21,0.00
14.07,-2.20,0.00
14.08,-2.20,0.00
14.09,-2.19,0.00
14.10,-2.19,0.00
14.11,-2.18,0.00
14.12,-2.18,0.00
14.12,-2.17,0.00
14.13,-2.17,0.00
14.14,-2.16,0.00
14.15,-2.15,0.00
14.16,-2.15,0.00
14.17,-2.14,0.00
14.18,-2.14,0.00
14.19,-2.13,0.00
14.19,-2.13,0.00
14.20,-2.12,0.00
14.21,-2.11,0.00
14.22,-2.11,0.00
14.23,-2.10,0.00
14.24,-2.10,0.00
14.25,-2.09,0.00
14.25,-2.09,0.00
14.26,-2.08,0.00
14.27,-2.07,0.00
14.28,-2.07,0.00
14.29,-2.06,0.00
14.30,-2.06,0.00
14.31,-2.05,0.00
14.31,-2.05,0.00
14.32,-2.04,0.00
14.33,-2.03,0.00
14.34,-2.03,0.00
14.35,-2.02,0.00
14.36,-2.02,0.00
14.37,-2.01,0.00
14.37,-2.01,0.00
14.38,-2.00,0.00
14.39,-1.99,0.00
14.40,-1.99,0.00
14.41,-1.98,0.00
14.42,-1.98,0.00
14.43,-1.97,0.00
14.43,-1.96,0.00
14.44,-1.96,0.00
14.45,-1.95,0.00
14.46,-1.95,0.00
14.47,-1.94,0.00
14.48,-1.94,0.00
14.48,-1.93,0.00
14.49,-1.92,0.00
14.50,-1.92,0.00
14.51,-1.91,0.00
14.52,-1.91,0.00
14.53,-1.90,0.00
14.54,-1.89,0.00
14.54,-1.89,0.00
14.55,-1.88,0.00
14.56,-1.88,0.00
14.57,-1.87,0.00
14.58,-1.87,0.00
14.59,-1.86,0.00
14.60,-1.85,0.00
14.60,-1.85,0.00
14.61,-1.84,0.00
14.62,-1.84,0.00
14.63,-1.83,0.00
14.64,-1.82,0.00
14.65,-1.82,0.00
14.65,-1.81,0.00
14.66,-1.81,0.00
14.67,-1.80,0.00
14.68,-1.79,0.00
14.69,-1.79,0.00
14.70,-1.78,0.00
14.71,-1.78,0.00
14.71,-1.77,0.00
14.72,-1.77,0.00
14.73,-1.76,0.00
14.74,-1.75,0.00
14.75,-1.75,0.00
14.76,-1.74,0.00
14.76,-1.74,0.00
14.77,-1.73,0.00
14.78,-1.72,0.00
14.79,-1.72,0.00
14.80,-1.71,0.00
14.81,-1.71,0.00
14.82,-1.70,0.00
14.82,-1.69,0.00
14.83,-1.69,0.00
14.84,-1.68,0.00
14.85,-1.68,0.00
14.86,-1.67,0.00
14.87,-1.66,0.00
14.87,-1.66,0.00
14.88,-1.65,0.00
14.89,-1.65,0.00
14.90,-1.64,0.00
14.91,-1.64,0.00
14.92,-1.63,0.00
14.93,-1.62,0.00
14.93,-1.62,0.00
14.94,-1.61,0.00
14.95,-1.61,0.00
14.96,-1.60,0.00
14.97,-1.59,0.00
14.98,-1.59,0.00
14.98,-1.58,0.00
14.99,-1.58,0.00
15.00,-1.57,0.00
15.01,-1.56,0.00
15.02,-1.56,0.00
15.03,-1.55,0.00
15.03,-1.55,0.00
15.04,-1.54,0.00
15.05,-1.53,0.00
15.06,-1.53,0.00
15.07,-1.52,0.00
15.08,-1.52,0.00
15.09,-1.51,0.00
15.09,-1.50,0.00
15.10,-1.50,0.00
15.11,-1.49,0.00
15.12,-1.49,0.00
15.13,-1.48,0.00
15.14,-1.47,0.00
15.14,-1.47,0.00
15.15,-1.46,0.00
15.16,-1.46,0.00
15.17,-1.45,0.00
15.18,-1.44,0.00
15.19,-1.44,0.00
15.19,-1.43,0.00
15.20,-1.43,0.00
15.21,-1.42,0.00
15.22,-1.41,0.00
15.23,-1.41,0.00
15.24,-1.40,0.00
15.25,-1.40,0.00
15.25,-1.39,0.00
15.26,-1.38,0.00
15.27,-1.38,0.00
15.28,-1.37,0.00
15.29,-1.37,0.00
15.30,-1.36,0.00
15.30,-1.36,0.00
15.31,-1.35,0.00
15.32,-1.34,0.00
15.33,-1.34,0.00
15.34,-1.33,0.00
15.35,-1.33,0.00
15.35,-1.32,0.00
15.36,-1.31,0.00
15.37,-1.31,0.00
15.38,-1.30,0.00
15.39,-1.30,0.00
15.40,-1.29,0.00
15.41,-1.28,0.00
15.41,-1.28,0.00
15.42,-1.27,0.00
15.43,-1.27,0.00
15.44,-1.26,0.00
15.45,-1.25,0.00
15.46,-1.25,0.00
15.46,-1.24,0.00
15.47,-1.24,0.00
15.48,-1.23,0.00
15.49,-1.22,0.00
15.50,-1.22,0.00
15.51,-1.21,0.00
15.51,-1.21,0.00
15.52,-1.20,0.00
15.53,-1.19,0.00
15.54,-1.19,0.00
15.55,-1.18,0.00
15.56,-1.18,0.00
15.57,-1.17,0.00
15.57,-1.16,0.00
15.58,-1.16,0.00
15.59,-1.15,0.00
15.60,-1.15,0.00
15.61,-1.14,0.00
15.62,-1.13,0.00
15.62,-1.13,0.00
15.63,-1.12,0.00
15.64,-1.12,0.00
15.65,-1.11,0.00
15.66,-1.10,0.00
15.67,-1.10,0.00
15.67,-1.09,0.00
15.68,-1.09,0.00
15.69,-1.08,0.00
15.70,-1.07,0.00
15.71,-1.07,0.00
15.72,-1.06,0.00
15.73,-1.06,0.00
15.73,-1.05,0.00
15.74,-1.05,0.00
15.75,-1.04,0.00
15.76,-1.03,0.00
15.77,-1.03,0.00
15.78,-1.02,0.00
15.78,-1.02,0.00
15.79,-1.01,0.00
15.80,-1.00,0.00
15.81,-1.00,0.00
15.82,-0.99,0.00
15.83,-0.99,0.00
15.84,-0.98,0.00
15.84,-0.97,0.00
15.85,-0.97,0.00
15.86,-0.96,0.00
15.87,-0.96,0.00
15.88,-0.95,0.00
15.89,-0.94,0.00
15.89,-0.94,0.00
15.90,-0.93,0.00
15.91,-0.93,0.00
15.92,-0.92,0.00
15.93,-0.92,0.00
15.94,-0.91,0.00
15.95,-0.90,0.00
15.95,-0.90,0.00
15.96,-0.89,0.00
15.97,-0.89,0.00
15.98,-0.88,0.00
15.99,-0.87,0.00
16.00,-0.87,0.00
16.00,-0.86,0.00
16.01,-0.86,0.00
16.02,-0.85,0.00
16.03,-0.84,0.00
16.04,-0.84,0.00
16.05,-0.83,0.00
16.06,-0.83,0.00
16.06,-0.82,0.00
16.07,-0.82,0.00
16.08,-0.81,0.00
16.09,-0.80,0.00
16.10,-0.80,0.00
16.11,-0.79,0.00
16.11,-0.79,0.00
16.12,-0.78,0.00
16.13,-0.77,0.00
16.14,-0.77,0.00
16.15,-0.76,0.00
16.16,-0.76,0.00
16.17,-0.75,0.00
16.17,-0.75,0.00
16.18,-0.74,0.00
16.19,-0.73,0.00
16.20,-0.73,0.00
16.21,-0.72,0.00
16.22,-0.72,0.00
16.23,-0.71,0.00
16.23,-0.70,0.00
16.24,-0.70,0.00
16.25,-0.69,0.00
16.26,-0.69,0.00
16.27,-0.68,0.00
16.28,-0.68,0.00
16.29,-0.67,0.00
16.29,-0.66,0.00
16.30,-0.66,0.00
16.31,-0.65,0.00
16.32,-0.65,0.00
16.33,-0.64,0.00
16.34,-0.64,0.00
16.35,-0.63,0.00
16.35,-0.62,0.00
16.36,-0.62,0.00
16.37,-0.61,0.00
16.38,-0.61,0.00
16.39,-0.60,0.00
16.40,-0.60,0.00
16.41,-0.59,0.00
16.41,-0.58,0.00
16.42,-0.58,0.00
16.43,-0.57,0.00
16.44,-0.57,0.00
16.45,-0.56,0.00
16.46,-0.56,0.00
16.47,-0.55,0.00
16.47,-0.54,0.00
16.48,-0.54,0.00
16.49,-0.53,0.00
16.50,-0.53,0.00
16.51,-0.52,0.00
16.52,-0.52,0.00
16.53,-0.51,0.00
16.53,-0.50,0.00
16.54,-0.50,0.00
16.55,-0.49,0.00
16.56,-0.49,0.00
16.57,-0.48,0.00
16.58,-0.48,0.00
16.59,-0.47,0.00
16.60,-0.47,0.00
16.60,-0.46,0.00
16.61,-0.45,0.00
16.62,-0.45,0.00
16.63,-0.44,0.00
16.64,-0.44,0.00
16.65,-0.43,0.00
16.66,-0.43,0.00
16.66,-0.42,0.00
16.67,-0.42,0.00
16.68,-0.41,0.00
16.69,-0.40,0.00
16.70,-0.40,0.00
16.71,-0.39,0.00
16.72,-0.39,0.00
16.73,-0.38,0.00
16.73,-0.38,0.00
16.74,-0.37,0.00
16.75,-0.37,0.00
16.76,-0.36,0.00
16.77,-0.35,0.00
16.78,-0.35,0.00
16.79,-0.34,0.00
16.80,-0.34,0.00
16.80,-0.33,0.00
16.81,-0.33,0.00
16.82,-0.32,0.00
16.83,-0.32,0.00
16.84,-0.31,0.00
16.85,-0.31,0.00
16.86,-0.30,0.00
16.87,-0.29,0.00
16.87,-0.29,0.00
16.88,-0.28,0.00
16.89,-0.28,0.00
16.90,-0.27,0.00
16.91,-0.27,0.00
16.92,-0.26,0.00
16.93,-0.26,0.00
16.94,-0.25,0.00
16.94,-0.25,0.00
16.95,-0.24,0.00
16.96,-0.23,0.00
16.97,-0.23,0.00
16.98,-0.22,0.00
16.99,-0.22,0.00
17.00,-0.21,0.00
17.01,-0.21,0.00
17.02,-0.20,0.00
17.02,-0.20,0.00
17.03,-0.19,0.00
17.04,-0.19,0.00
17.05,-0.18,0.00
17.06,-0.18,0.00
17.07,-0.17,0.00
17.08,-0.17,0.00
17.09,-0.16,0.00
17.10,-0.16,0.00
17.10,-0.15,0.00
17.11,-0.14,0.00
17.12,-0.14,0.00
17.13,-0.13,0.00
17.14,-0.13,0.00
17.15,-0.12,0.00
17.16,-0.12,0.00
17.17,-0.11,0.00
17.18,-0.11,0.00
17.18,-0.10,0.00
17.19,-0.10,0.00
17.20,-0.09,0.00
17.21,-0.09,0.00
17.22,-0.08,0.00
17.23,-0.08,0.00
17.24,-0.07,0.00
17.25,-0.07,0.00
17.26,-0.06,0.00
17.26,-0.06,0.00
17.27,-0.05,0.00
17.28,-0.05,0.00
17.29,-0.04,0.00
17.30,-0.04,0.00
17.31,-0.03,0.00
17.32,-0.03,0.00
17.33,-0.02,0.00
17.34,-0.02,0.00
17.35,-0.01,0.00
17.35,-0.01,0.00
17.36,-0.00,0.00
17.37,0.00,0.00
17.38,0.01,0.00
17.39,0.01,0.00
17.40,0.02,0.00
17.41,0.02,0.00
17.42,0.03,0.00
17.43,0.03,0.00
17.44,0.04,0.00
17.44,0.04,0.00
17.45,0.05,0.00
17.46,0.05,0.00
17.47,0.06,0.00
17.48,0.06,0.00
17.49,0.07,0.00
17.50,0.07,0.00
17.51,0.08,0.00
17.52,0.08,0.00
17.53,0.09,0.00
17.54,0.09,0.00
17.54,0.10,0.00
17.55,0.10,0.00
17.56,0.11,0.00
17.57,0.11,0.00
17.58,0.12,0.00
17.59,0.12,0.00
17.60,0.13,0.00
17.61,0.13,0.00
17.62,0.14,0.00
17.63,0.14,0.00
17.64,0.15,0.00
17.65,0.15,0.00
17.65,0.15,0.00
17.66,0.16,0.00
17.67,0.16,0.00
17.68,0.17,0.00
17.69,0.17,0.00
17.70,0.18,0.00
17.71,0.18,0.00
17.72,0.19,0.00
17.73,0.19,0.00
17.74,0.20,0.00
17.75,0.20,0.00
17.76,0.21,0.00
17.76,0.21,0.00
17.77,0.22,0.00
17.78,0.22,0.00
17.79,0.22,0.00
17.80,0.23,0.00
17.81,0.23,0.00
17.82,0.24,0.00
17.83,0.24,0.00
17.84,0.25,0.00
17.85,0.25,0.00
17.86,0.26,0.00
17.87,0.26,0.00
17.88,0.27,0.00
17.89,0.27,0.00
17.89,0.27,0.00
17.90,0.28,0.00
17.91,0.28,0.00
17.92,0.29,0.00
17.93,0.29,0.00
17.94,0.30,0.00
17.95,0.30,0.00
17.96,0.30,0.00
17.97,0.31,0.00
17.98,0.31,0.00
17.99,0.32,0.00
18.00,0.32,0.00
18.01,0.33,0.00
18.02,0.33,0.00
18.03,0.34,0.00
18.03,0.34,0.00
18.04,0.34,0.00
18.05,0.35,0.00
18.06,0.35,0.00
18.07,0.36,0.00
18.08,0.36,0.00
18.09,0.36,0.00
18.10,0.37,0.00
18.11,0.37,0.00
18.12,0.38,0.00
18.13,0.38,0.00
18.14,0.39,0.00
18.15,0.39,0.00
18.16,0.39,0.00
18.17,0.40,0.00
18.18,0.40,0.00
18.19,0.41,0.00
18.20,0.41,0.00
18.20,0.41,0.00
18.21,0.42,0.00
18.22,0.42,0.00
18.23,0.43,0.00
18.24,0.43,0.00
18.25,0.43,0.00
18.26,0.44,0.00
18.27,0.44,0.00
18.28,0.45,0.00
18.29,0.45,0.00
18.30,0.45,0.00
18.31,0.46,0.00
18.32,0.46,0.00
18.33,0.47,0.00
18.34,0.47,0.00
18.35,0.47,0.00
18.36,0.48,0.00
18.37,0.48,0.00
18.38,0.49,0.00
18.39,0.49,0.00
18.40,0.49,0.00
18.41,0.50,0.00
18.41,0.50,0.00
18.42,0.50,0.00
18.43,0.51,0.00
18.44,0.51,0.00
18.45,0.52,0.00
18.46,0.52,0.00
18.47,0.52,0.00
18.48,0.53,0.00
18.49,0.53,0.00
18.50,0.53,0.00
18.51,0.54,0.00
18.52,0.54,0.00
18.53,0.54,0.00
18.54,0.55,0.00
18.55,0.55,0.00
18.56,0.56,0.00
18.57,0.56,0.00
18.58,0.56,0.00
18.59,0.57,0.00
18.60,0.57,0.00
18.61,0.57,0.00
18.62,0.58,0.00
18.63,0.58,0.00
18.64,0.58,0.00
18.65,0.59,0.00
18.66,0.59,0.00
18.67,0.59,0.00
18.68,0.60,0.00
18.69,0.60,0.00
18.70,0.60,0.00
18.71,0.61,0.00
18.72,0.61,0.00
18.73,0.61,0.00
18.73,0.62,0.00
18.74,0.62,0.00
18.75,0.62,0.00
18.76,0.63,0.00
18.77,0.63,0.00
18.78,0.63,0.00
18.79,0.64,0.00
18.80,0.64,0.00
18.81,0.64,0.00
18.82,0.65,0.00
18.83,0.65,0.00
18.84,0.65,0.00
18.85,0.65,0.00
18.86,0.66,0.00
18.87,0.66,0.00
18.88,0.66,0.00
18.89,0.67,0.00
18.90,0.67,0.00
18.91,0.67,0.00
18.92,0.68,0.00
18.93,0.68,0.00
18.94,0.68,0.00
18.95,0.69,0.00
18.96,0.69,0.00
18.97,0.69,0.00
18.98,0.69,0.00
18.99,0.70,0.00
19.00,0.70,0.00
19.01,0.70,0.00
19.02,0.71,0.00
19.03,0.71,0.00
19.04,0.71,0.00
19.05,0.71,0.00
19.06,0.72,0.00
19.07,0.72,0.00
19.08,0.72,0.00
19.09,0.72,0.00
19.10,0.73,0.00
19.11,0.73,0.00
19.12,0.73,0.00
19.13,0.74,0.00
19.14,0.74,0.00
19.15,0.74,0.00
19.16,0.74,0.00
19.17,0.75,0.00
19.18,0.75,0.00
19.19,0.75,0.00
19.20,0.75,0.00
19.21,0.76,0.00
19.22,0.76,0.00
19.23,0.76,0.00
19.24,0.76,0.00
19.25,0.77,0.00
19.26,0.77,0.00
19.27,0.77,0.00
19.28,0.77,0.00
19.29,0.78,0.00
19.30,0.78,0.00
19.31,0.78,0.00
19.32,0.78,0.00
19.33,0.79,0.00
19.34,0.79,0.00
19.35,0.79,0.00
19.36,0.79,0.00
19.37,0.79,0.00
19.38,0.80,0.00
19.39,0.80,0.00
19.40,0.80,0.00
19.41,0.80,0.00
19.42,0.81,0.00
19.43,0.81,0.00
19.44,0.81,0.00
19.45,0.81,0.00
19.46,0.81,0.00
19.47,0.82,0.00
19.48,0.82,0.00
19.49,0.82,0.00
19.50,0.82,0.00
19.51,0.82,0.00
19.52,0.83,0.00
19.53,0.83,0.00
19.54,0.83,0.00
19.55,0.83,0.00
19.56,0.83,0.00
19.57,0.84,0.00
19.58,0.84,0.00
19.59,0.84,0.00
19.60,0.84,0.00
19.61,0.84,0.00
19.62,0.85,0.00
19.63,0.85,0.00
19.64,0.85,0.00
19.65,0.85,0.00
19.66,0.85,0.00
19.67,0.85,0.00
19.68,0.86,0.00
19.69,0.86,0.00
19.70,0.86,0.00
19.71,0.86,0.00
19.72,0.86,0.00
19.74,0.86,0.00
19.75,0.87,0.00
19.76,0.87,0.00
19.77,0.87,0.00
19.78,0.87,0.00
19.79,0.87,0.00
19.80,0.87,0.00
19.81,0.87,0.00
19.82,0.88,0.00
19.83,0.88,0.00
19.84,0.88,0.00
19.85,0.88,0.00
19.86,0.88,0.00
19.87,0.88,0.00
19.88,0.88,0.00
19.89,0.89,0.00
19.90,0.89,0.00
19.91,0.89,0.00
19.92,0.89,0.00
19.93,0.89,0.00
19.94,0.89,0.00
19.95,0.89,0.00
19.96,0.90,0.00
19.97,0.90,0.00
19.98,0.90,0.00
19.99,0.90,0.00
20.00,0.90,0.00
20.01,0.90,0.00
20.02,0.90,0.00
20.03,0.90,0.00
20.04,0.90,0.00
20.05,0.91,0.00
20.06,0.91,0.00
20.07,0.91,0.00
20.08,0.91,0.00
20.09,0.91,0.00
20.10,0.91,0.00
20.11,0.91,0.00
20.12,0.91,0.00
20.13,0.91,0.00
20.14,0.91,0.00
20.15,0.92,0.00
20.17,0.92,0.00
20.18,0.92,0.00
20.19,0.92,0.00
20.20,0.92,0.00
20.21,0.92,0.00
20.22,0.92,0.00
20.23,0.92,0.00
20.24,0.92,0.00
20.25,0.92,0.00
20.26,0.92,0.00
20.27,0.92,0.00
20.28,0.92,0.00
20.29,0.93,0.00
20.30,0.93,0.00
20.31,0.93,0.00
20.32,0.93,0.00
20.33,0.93,0.00
20.34,0.93,0.00
20.35,0.93,0.00
20.36,0.93,0.00
20.37,0.93,0.00
20.38,0.93,0.00
20.39,0.93,0.00
20.40,0.93,0.00
20.41,0.93,0.00
20.42,0.93,0.00
20.43,0.93,0.00
20.44,0.93,0.00
20.45,0.93,0.00
20.46,0.93,0.00
20.47,0.93,0.00
20.48,0.93,0.00
20.49,0.94,0.00
20.51,0.94,0.00
20.52,0.94,0.00
20.53,0.94,0.00
20.54,0.94,0.00
20.55,0.94,0.00
20.56,0.94,0.00
20.57,0.94,0.00
20.58,0.94,0.00
20.59,0.94,0.00
20.60,0.94,0.00
20.61,0.94,0.00
20.62,0.94,0.00
20.63,0.94,0.00
20.64,0.94,0.00
20.65,0.94,0.00
20.66,0.94,0.00
20.67,0.94,0.00
20.68,0.94,0.00
20.69,0.94,0.00
20.70,0.94,0.00
20.71,0.94,0.00
20.72,0.94,0.00
20.73,0.94,0.00
20.74,0.94,0.00
20.75,0.94,0.00
20.76,0.94,0.00
20.77,0.94,0.00
20.78,0.94,0.00
20.79,0.94,0.00
20.80,0.94,0.00
20.81,0.94,0.00
20.82,0.94,0.00
20.84,0.94,0.00
20.85,0.94,0.00
20.86,0.93,0.00
20.87,0.93,0.00
20.88,0.93,0.00
20.89,0.93,0.00
20.90,0.93,0.00
20.91,0.93,0.00
20.92,0.93,0.00
20.93,0.93,0.00
20.94,0.93,0.00
20.95,0.93,0.00
20.96,0.93,0.00
20.97,0.93,0.00
20.98,0.93,0.00
20.99,0.93,0.00
21.00,0.93,0.00
21.01,0.93,0.00
21.02,0.93,0.00
21.03,0.93,0.00
21.04,0.93,0.00
21.05,0.93,0.00
21.06,0.93,0.00
21.07,0.92,0.00
21.08,0.92,0.00
21.09,0.92,0.00
21.10,0.92,0.00
21.11,0.92,0.00
21.12,0.92,0.00
21.13,0.92,0.00
21.14,0.92,0.00
21.15,0.92,0.00
21.16,0.92,0.00
21.18,0.92,0.00
21.19,0.92,0.00
21.20,0.92,0.00
21.21,0.91,0.00
21.22,0.91,0.00
21.23,0.91,0.00
21.24,0.91,0.00
21.25,0.91,0.00
21.26,0.91,0.00
21.27,0.91,0.00
21.28,0.91,0.00
21.29,0.91,0.00
21.30,0.91,0.00
21.31,0.91,0.00
21.32,0.90,0.00
21.33,0.90,0.00
21.34,0.90,0.00
21.35,0.90,0.00
21.36,0.90,0.00
21.37,0.90,0.00
21.38,0.90,0.00
21.39,0.90,0.00
21.40,0.89,0.00
21.41,0.89,0.00
21.42,0.89,0.00
21.43,0.89,0.00
21.44,0.89,0.00
21.45,0.89,0.00
21.46,0.89,0.00
21.47,0.89,0.00
21.48,0.89,0.00
21.49,0.88,0.00
21.50,0.88,0.00
21.51,0.88,0.00
21.52,0.88,0.00
21.53,0.88,0.00
21.54,0.88,0.00
21.55,0.88,0.00
21.56,0.87,0.00
21.57,0.87,0.00
21.59,0.87,0.00
21.60,0.87,0.00
21.61,0.87,0.00
21.62,0.87,0.00
21.63,0.87,0.00
21.64,0.86,0.00
21.65,0.86,0.00
21.66,0.86,0.00
21.67,0.86,0.00
21.68,0.86,0.00
21.69,0.86,0.00
21.70,0.85,0.00
21.71,0.85,0.00
21.72,0.85,0.00
21.73,0.85,0.00
21.74,0.85,0.00
21.75,0.85,0.00
21.76,0.84,0.00
21.77,0.84,0.00
21.78,0.84,0.00
21.79,0.84,0.00
21.80,0.84,0.00
21.81,0.84,0.00
21.82,0.83,0.00
21.83,0.83,0.00
21.84,0.83,0.00
21.85,0.83,0.00
21.86,0.83,0.00
21.87,0.82,0.00
21.88,0.82,0.00
21.89,0.82,0.00
21.90,0.82,0.00
21.91,0.82,0.00
21.92,0.81,0.00
21.93,0.81,0.00
21.94,0.81,0.00
21.95,0.81,0.00
21.96,0.81,0.00
21.97,0.80,0.00
21.98,0.80,0.00
21.99,0.80,0.00
22.00,0.80,0.00
22.01,0.80,0.00
22.02,0.79,0.00
22.03,0.79,0.00
22.04,0.79,0.00
22.05,0.79,0.00
22.06,0.79,0.00
22.07,0.78,0.00
22.08,0.78,0.00
22.09,0.78,0.00
22.10,0.78,0.00
22.11,0.78,0.00
22.12,0.77,0.00
22.13,0.77,0.00
22.14,0.77,0.00
22.15,0.77,0.00
22.16,0.76,0.00
22.17,0.76,0.00
22.18,0.76,0.00
22.19,0.76,0.00
22.20,0.75,0.00
22.21,0.75,0.00
22.22,0.75,0.00
22.23,0.75,0.00
22.24,0.75,0.00
22.25,0.74,0.00
22.26,0.74,0.00
22.27,0.74,0.00
22.28,0.74,0.00
22.29,0.73,0.00
22.30,0.73,0.00
22.31,0.73,0.00
22.32,0.73,0.00
22.33,0.72,0.00
22.34,0.72,0.00
22.35,0.72,0.00
22.36,0.72,0.00
22.37,0.71,0.00
22.38,0.71,0.00
22.39,0.71,0.00
22.40,0.71,0.00
22.41,0.70,0.00
22.42,0.70,0.00
22.43,0.70,0.00
22.44,0.69,0.00
22.45,0.69,0.00
22.46,0.69,0.00
22.47,0.69,0.00
22.48,0.68,0.00
22.49,0.68,0.00
22.50,0.68,0.00
22.51,0.68,0.00
22.52,0.67,0.00
22.53,0.67,0.00
22.54,0.67,0.00
22.55,0.67,0.00
22.56,0.66,0.00
22.57,0.66,0.00
22.58,0.66,0.00
22.59,0.65,0.00
22.60,0.65,0.00
22.61,0.65,0.00
22.62,0.65,0.00
22.63,0.64,0.00
22.64,0.64,0.00
22.65,0.64,0.00
22.66,0.63,0.00
22.67,0.63,0.00
22.68,0.63,0.00
22.69,0.63,0.00
22.70,0.62,0.00
22.71,0.62,0.00
22.72,0.62,0.00
22.73,0.61,0.00
22.74,0.61,0.00
22.75,0.61,0.00
22.76,0.60,0.00
22.77,0.60,0.00
22.78,0.60,0.00
22.79,0.60,0.00
22.80,0.59,0.00
22.81,0.59,0.00
22.82,0.59,0.00
22.83,0.58,0.00
22.84,0.58,0.00
22.85,0.58,0.00
22.86,0.57,0.00
22.87,0.57,0.00
22.88,0.57,0.00
22.89,0.56,0.00
22.90,0.56,0.00
22.91,0.56,0.00
22.92,0.55,0.00
22.93,0.55,0.00
22.94,0.55,0.00
22.95,0.54,0.00
22.96,0.54,0.00
22.97,0.54,0.00
22.98,0.54,0.00
22.99,0.53,0.00
23.00,0.53,0.00
23.01,0.53,0.00
23.02,0.52,0.00
23.03,0.52,0.00
23.04,0.52,0.00
23.05,0.51,0.00
23.06,0.51,0.00
23.07,0.51,0.00
23.07,0.50,0.00
23.08,0.50,0.00
23.09,0.50,0.00
23.10,0.49,0.00
23.11,0.49,0.00
23.12,0.48,0.00
23.13,0.48,0.00
23.14,0.48,0.00
23.15,0.47,0.00
23.16,0.47,0.00
23.17,0.47,0.00
23.18,0.46,0.00
23.19,0.46,0.00
23.20,0.46,0.00
23.21,0.45,0.00
23.22,0.45,0.00
23.23,0.45,0.00
23.24,0.44,0.00
23.25,0.44,0.00
23.26,0.44,0.00
23.27,0.43,0.00
23.28,0.43,0.00
23.29,0.43,0.00
23.30,0.42,0.00
23.31,0.42,0.00
23.32,0.41,0.00
23.33,0.41,0.00
23.34,0.41,0.00
23.35,0.40,0.00
23.36,0.40,0.00
23.37,0.40,0.00
23.38,0.39,0.00
23.39,0.39,0.00
23.39,0.39,0.00
23.40,0.38,0.00
23.41,0.38,0.00
23.42,0.37,0.00
23.43,0.37,0.00
23.44,0.37,0.00
23.45,0.36,0.00
23.46,0.36,0.00
23.47,0.36,0.00
23.48,0.35,0.00
23.49,0.35,0.00
23.50,0.34,0.00
23.51,0.34,0.00
23.52,0.34,0.00
23.53,0.33,0.00
23.54,0.33,0.00
23.55,0.33,0.00
23.56,0.32,0.00
23.57,0.32,0.00
23.58,0.31,0.00
23.59,0.31,0.00
23.60,0.31,0.00
23.61,0.30,0.00
23.62,0.30,0.00
23.63,0.29,0.00
23.63,0.29,0.00
23.64,0.29,0.00
23.65,0.28,0.00
23.66,0.28,0.00
23.67,0.27,0.00
23.68,0.27,0.00
23.69,0.27,0.00
23.70,0.26,0.00
23.71,0.26,0.00
23.72,0.26,0.00
23.73,0.25,0.00
23.74,0.25,0.00
23.75,0.24,0.00
23.76,0.24,0.00
23.77,0.24,0.00
23.78,0.23,0.00
23.79,0.23,0.00
23.80,0.22,0.00
23.81,0.22,0.00
23.82,0.21,0.00
23.83,0.21,0.00
23.83,0.21,0.00
23.84,0.20,0.00
23.85,0.20,0.00
23.86,0.19,0.00
23.87,0.19,0.00
23.88,0.19,0.00
23.89,0.18,0.00
23.90,0.18,0.00
23.91,0.17,0.00
23.92,0.17,0.00
23.93,0.17,0.00
23.94,0.16,0.00
23.95,0.16,0.00
23.96,0.15,0.00
23.97,0.15,0.00
23.98,0.14,0.00
23.99,0.14,0.00
24.00,0.14,0.00
24.00,0.13,0.00
24.01,0.13,0.00
24.02,0.12,0.00
24.03,0.12,0.00
24.04,0.12,0.00
24.05,0.11,0.00
24.06,0.11,0.00
24.07,0.10,0.00
24.08,0.10,0.00
24.09,0.09,0.00
24.10,0.09,0.00
24.11,0.09,0.00
24.12,0.08,0.00
24.13,0.08,0.00
24.14,0.07,0.00
24.15,0.07,0.00
24.16,0.06,0.00
24.16,0.06,0.00
24.17,0.06,0.00
24.18,0.05,0.00
24.19,0.05,0.00
24.20,0.04,0.00
24.21,0.04,0.00
24.22,0.03,0.00
24.23,0.03,0.00
24.24,0.03,0.00
24.25,0.02,0.00
24.26,0.02,0.00
24.27,0.01,0.00
24.28,0.01,0.00
24.29,0.00,0.00
24.30,-0.00,0.00
24.30,-0.01,0.00
24.31,-0.01,0.00
24.32,-0.01,0.00
24.33,-0.02,0.00
24.34,-0.02,0.00
24.35,-0.03,0.00
24.36,-0.03,0.00
24.37,-0.04,0.00
24.38,-0.04,0.00
24.39,-0.05,0.00
24.40,-0.05,0.00
24.41,-0.05,0.00
24.42,-0.06,0.00
24.43,-0.06,0.00
24.43,-0.07,0.00
24.44,-0.07,0.00
24.45,-0.08,0.00
24.46,-0.08,0.00
24.47,-0.09,0.00
24.48,-0.09,0.00
24.49,-0.10,0.00
24.50,-0.10,0.00
24.51,-0.10,0.00
24.52,-0.11,0.00
24.53,-0.11,0.00
24.54,-0.12,0.00
24.55,-0.12,0.00
24.56,-0.13,0.00
24.56,-0.13,0.00
24.57,-0.14,0.00
24.58,-0.14,0.00
24.59,-0.15,0.00
24.60,-0.15,0.00
24.61,-0.15,0.00
24.62,-0.16,0.00
24.63,-0.16,0.00
24.64,-0.17,0.00
24.65,-0.17,0.00
24.66,-0.18,0.00
24.67,-0.18,0.00
24.68,-0.19,0.00
24.68,-0.19,0.00
24.69,-0.20,0.00
24.70,-0.20,0.00
24.71,-0.21,0.00
24.72,-0.21,0.00
24.73,-0.21,0.00
24.74,-0.22,0.00
24.75,-0.22,0.00
24.76,-0.23,0.00
24.77,-0.23,0.00
24.78,-0.24,0.00
24.79,-0.24,0.00
24.80,-0.25,0.00
24.80,-0.25,0.00
24.81,-0.26,0.00
24.82,-0.26,0.00
24.83,-0.27,0.00
24.84,-0.27,0.00
24.85,-0.28,0.00
24.86,-0.28,0.00
24.87,-0.29,0.00
24.88,-0.29,0.00
24.89,-0.29,0.00
24.90,-0.30,0.00
5.57,-2.88,0.00
5.58,-2.89,0.00
5.59,-2.89,0.00
5.59,-2.90,0.00
5.60,-2.90,0.00
5.61,-2.91,0.00
5.62,-2.91,0.00
5.63,-2.92,0.00
5.64,-2.92,0.00
5.64,-2.93,0.00
5.65,-2.93,0.00
5.66,-2.93,0.00
5.67,-2.94,0.00
5.68,-2.94,0.00
5.69,-2.95,0.00
5.70,-2.95,0.00
5.70,-2.96,0.00
5.71,-2.96,0.00
5.72,-2.97,0.00
5.73,-2.97,0.00
5.74,-2.98,0.00
5.75,-2.98,0.00
5.75,-2.99,0.00
5.76,-2.99,0.00
5.77,-3.00,0.00
5.78,-3.00,0.00
5.79,-3.00,0.00
5.80,-3.01,0.00
5.81,-3.01,0.00
5.81,-3.02,0.00
5.82,-3.02,0.00
5.83,-3.03,0.00
5.84,-3.03,0.00
5.85,-3.04,0.00
5.86,-3.04,0.00
5.87,-3.05,0.00
5.87,-3.05,0.00
5.88,-3.06,0.00
5.89,-3.06,0.00
5.90,-3.06,0.00
5.91,-3.07,0.00
5.92,-3.07,0.00
5.92,-3.08,0.00
5.93,-3.08,0.00
5.94,-3.09,0.00
5.95,-3.09,0.00
5.96,-3.10,0.00
5.97,-3.10,0.00
5.98,-3.11,0.00
5.98,-3.11,0.00
5.99,-3.11,0.00
6.00,-3.12,0.00
6.01,-3.12,0.00
6.02,-3.13,0.00
6.03,-3.13,0.00
6.04,-3.14,0.00
6.04,-3.14,0.00
6.05,-3.15,0.00
6.06,-3.15,0.00
6.07,-3.16,0.00
6.08,-3.16,0.00
6.09,-3.16,0.00
6.10,-3.17,0.00
6.10,-3.17,0.00
6.11,-3.18,0.00
6.12,-3.18,0.00
6.13,-3.19,0.00
6.14,-3.19,0.00
6.15,-3.20,0.00
6.16,-3.20,0.00
6.16,-3.21,0.00
6.17,-3.21,0.00
6.18,-3.21,0.00
6.19,-3.22,0.00
6.20,-3.22,0.00
6.21,-3.23,0.00
6.22,-3.23,0.00
6.22,-3.24,0.00
6.23,-3.24,0.00
6.24,-3.25,0.00
6.25,-3.25,0.00
6.26,-3.25,0.00
6.27,-3.26,0.00
6.28,-3.26,0.00
6.28,-3.27,0.00
6.29,-3.27,0.00
6.30,-3.28,0.00
6.31,-3.28,0.00
6.32,-3.29,0.00
6.33,-3.29,0.00
6.34,-3.29,0.00
6.34,-3.30,0.00
6.35,-3.30,0.00
6.36,-3.31,0.00
6.37,-3.31,0.00
6.38,-3.32,0.00
6.39,-3.32,0.00
6.40,-3.33,0.00
6.41,-3.33,0.00
6.41,-3.33,0.00
6.42,-3.34,0.00
6.43,-3.34,0.00
6.44,-3.35,0.00
6.45,-3.35,0.00
6.46,-3.36,0.00
6.47,-3.36,0.00
6.47,-3.36,0.00
6.48,-3.37,0.00
6.49,-3.37,0.00
6.50,-3.38,0.00
6.51,-3.38,0.00
6.52,-3.39,0.00
6.53,-3.39,0.00
6.54,-3.39,0.00
6.54,-3.40,0.00
6.55,-3.40,0.00
6.56,-3.41,0.00
6.57,-3.41,0.00
6.58,-3.42,0.00
6.59,-3.42,0.00
6.60,-3.42,0.00
6.60,-3.43,0.00
6.61,-3.43,0.00
6.62,-3.44,0.00
6.63,-3.44,0.00
6.64,-3.45,0.00
6.65,-3.45,0.00
6.66,-3.45,0.00
6.67,-3.46,0.00
6.67,-3.46,0.00
6.68,-3.47,0.00
6.69,-3.47,0.00
6.70,-3.48,0.00
6.71,-3.48,0.00
6.72,-3.48,0.00
6.73,-3.49,0.00
6.74,-3.49,0.00
6.74,-3.50,0.00
6.75,-3.50,0.00
6.76,-3.50,0.00
6.77,-3.51,0.00
6.78,-3.51,0.00
6.79,-3.52,0.00
6.80,-3.52,0.00
6.81,-3.53,0.00
6.81,-3.53,0.00
6.82,-3.53,0.00
6.83,-3.54,0.00
6.84,-3.54,0.00
6.85,-3.55,0.00
6.86,-3.55,0.00
6.87,-3.55,0.00
6.88,-3.56,0.00
6.88,-3.56,0.00
6.89,-3.57,0.00
6.90,-3.57,0.00
6.91,-3.57,0.00
6.92,-3.58,0.00
6.93,-3.58,0.00
6.94,-3.59,0.00
6.95,-3.59,0.00
6.95,-3.59,0.00
6.96,-3.60,0.00
6.97,-3.60,0.00
6.98,-3.61,0.00
6.99,-3.61,0.00
7.00,-3.61,0.00
7.01,-3.62,0.00
7.02,-3.62,0.00
7.03,-3.63,0.00
7.03,-3.63,0.00
7.04,-3.63,0.00
7.05,-3.64,0.00
7.06,-3.64,0.00
7.07,-3.65,0.00
7.08,-3.65,0.00
7.09,-3.65,0.00
7.10,-3.66,0.00
7.10,-3.66,0.00
7.11,-3.67,0.00
7.12,-3.67,0.00
7.13,-3.67,0.00
7.14,-3.68,0.00
7.15,-3.68,0.00
7.16,-3.68,0.00
7.17,-3.69,0.00
7.18,-3.69,0.00
7.18,-3.70,0.00
7.19,-3.70,0.00
7.20,-3.70,0.00
7.21,-3.71,0.00
7.22,-3.71,0.00
7.23,-3.72,0.00
7.24,-3.72,0.00
7.25,-3.72,0.00
7.26,-3.73,0.00
7.27,-3.73,0.00
7.27,-3.73,0.00
7.28,-3.74,0.00
7.29,-3.74,0.00
7.30,-3.75,0.00
7.31,-3.75,0.00
7.32,-3.75,0.00
7.33,-3.76,0.00
7.34,-3.76,0.00
7.35,-3.76,0.00
7.35,-3.77,0.00
7.36,-3.77,0.00
7.37,-3.77,0.00
7.38,-3.78,0.00
7.39,-3.78,0.00
7.40,-3.79,0.00
7.41,-3.79,0.00
7.42,-3.79,0.00
7.43,-3.80,0.00
7.44,-3.80,0.00
7.44,-3.80,0.00
7.45,-3.81,0.00
7.46,-3.81,0.00
7.47,-3.81,0.00
7.48,-3.82,0.00
7.49,-3.82,0.00
7.50,-3.83,0.00
7.51,-3.83,0.00
7.52,-3.83,0.00
7.53,-3.84,0.00
7.53,-3.84,0.00
7.54,-3.84,0.00
7.55,-3.85,0.00
7.56,-3.85,0.00
7.57,-3.85,0.00
7.58,-3.86,0.00
7.59,-3.86,0.00
7.60,-3.86,0.00
7.61,-3.87,0.00
7.62,-3.87,0.00
7.62,-3.87,0.00
7.63,-3.88,0.00
7.64,-3.88,0.00
7.65,-3.88,0.00
7.66,-3.89,0.00
7.67,-3.89,0.00
7.68,-3.89,0.00
7.69,-3.90,0.00
7.70,-3.90,0.00
7.71,-3.90,0.00
7.72,-3.91,0.00
7.72,-3.91,0.00
7.73,-3.91,0.00
7.74,-3.92,0.00
7.75,-3.92,0.00
7.76,-3.92,0.00
7.77,-3.93,0.00
7.78,-3.93,0.00
7.79,-3.93,0.00
7.80,-3.94,0.00
7.81,-3.94,0.00
7.82,-3.94,0.00
7.83,-3.95,0.00
7.83,-3.95,0.00
7.84,-3.95,0.00
7.85,-3.96,0.00
7.86,-3.96,0.00
7.87,-3.96,0.00
7.88,-3.96,0.00
7.89,-3.97,0.00
7.90,-3.97,0.00
7.91,-3.97,0.00
7.92,-3.98,0.00
7.93,-3.98,0.00
7.94,-3.98,0.00
7.94,-3.99,0.00
7.95,-3.99,0.00
7.96,-3.99,0.00
7.97,-4.00,0.00
7.98,-4.00,0.00
7.99,-4.00,0.00
8.00,-4.00,0.00
8.01,-4.01,0.00
8.02,-4.01,0.00
8.03,-4.01,0.00
8.04,-4.02,0.00
8.05,-4.02,0.00
8.05,-4.02,0.00
8.06,-4.02,0.00
8.07,-4.03,0.00
8.08,-4.03,0.00
8.09,-4.03,0.00
8.10,-4.04,0.00
8.11,-4.04,0.00
8.12,-4.04,0.00
8.13,-4.04,0.00
8.14,-4.05,0.00
8.15,-4.05,0.00
8.16,-4.05,0.00
8.17,-4.06,0.00
8.18,-4.06,0.00
8.18,-4.06,0.00
8.19,-4.06,0.00
8.20,-4.07,0.00
8.21,-4.07,0.00
8.22,-4.07,0.00
8.23,-4.07,0.00
8.24,-4.08,0.00
8.25,-4.08,0.00
8.26,-4.08,0.00
8.27,-4.09,0.00
8.28,-4.09,0.00
8.29,-4.09,0.00
8.30,-4.09,0.00
8.31,-4.10,0.00
8.32,-4.10,0.00
8.32,-4.10,0.00
8.33,-4.10,0.00
8.34,-4.11,0.00
8.35,-4.11,0.00
8.36,-4.11,0.00
8.37,-4.11,0.00
8.38,-4.12,0.00
8.39,-4.12,0.00
8.40,-4.12,0.00
8.41,-4.12,0.00
8.42,-4.13,0.00
8.43,-4.13,0.00
8.44,-4.13,0.00
8.45,-4.13,0.00
8.46,-4.14,0.00
8.46,-4.14,0.00
8.47,-4.14,0.00
8.48,-4.14,0.00
8.49,-4.14,0.00
8.50,-4.15,0.00
8.51,-4.15,0.00
8.52,-4.15,0.00
8.53,-4.15,0.00
8.54,-4.16,0.00
8.55,-4.16,0.00
8.56,-4.16,0.00
8.57,-4.16,0.00
8.58,-4.17,0.00
8.59,-4.17,0.00
8.60,-4.17,0.00
8.61,-4.17,0.00
8.62,-4.17,0.00
8.62,-4.18,0.00
8.63,-4.18,0.00
8.64,-4.18,0.00
8.65,-4.18,0.00
8.66,-4.18,0.00
8.67,-4.19,0.00
8.68,-4.19,0.00
8.69,-4.19,0.00
8.70,-4.19,0.00
8.71,-4.19,0.00
8.72,-4.20,0.00
8.73,-4.20,0.00
8.74,-4.20,0.00
8.75,-4.20,0.00
8.76,-4.20,0.00
8.77,-4.21,0.00
8.78,-4.21,0.00
8.79,-4.21,0.00
8.80,-4.21,0.00
8.80,-4.21,0.00
8.81,-4.22,0.00
8.82,-4.22,0.00
8.83,-4.22,0.00
8.84,-4.22,0.00
8.85,-4.22,0.00
8.86,-4.22,0.00
8.87,-4.23,0.00
8.88,-4.23,0.00
8.89,-4.23,0.00
8.90,-4.23,0.00
8.91,-4.23,0.00
8.92,-4.23,0.00
8.93,-4.24,0.00
8.94,-4.24,0.00
8.95,-4.24,0.00
8.96,-4.24,0.00
8.97,-4.24,0.00
8.98,-4.24,0.00
8.99,-4.25,0.00
9.00,-4.25,0.00
9.01,-4.25,0.00
9.01,-4.25,0.00
9.02,-4.25,0.00
9.03,-4.25,0.00
9.04,-4.26,0.00
9.05,-4.26,0.00
9.06,-4.26,0.00
9.07,-4.26,0.00
9.08,-4.26,0.00
9.09,-4.26,0.00
9.10,-4.26,0.00
9.11,-4.27,0.00
9.12,-4.27,0.00
9.13,-4.27,0.00
9.14,-4.27,0.00
9.15,-4.27,0.00
9.16,-4.27,0.00
9.17,-4.27,0.00
9.18,-4.27,0.00
9.19,-4.28,0.00
9.20,-4.28,0.00
9.21,-4.28,0.00
9.22,-4.28,0.00
9.23,-4.28,0.00
9.24,-4.28,0.00
9.24,-4.28,0.00
9.25,-4.28,0.00
9.26,-4.29,0.00
9.27,-4.29,0.00
9.28,-4.29,0.00
9.29,-4.29,0.00
9.30,-4.29,0.00
9.31,-4.29,0.00
9.32,-4.29,0.00
9.33,-4.29,0.00
9.34,-4.29,0.00
9.35,-4.29,0.00
9.36,-4.30,0.00
9.37,-4.30,0.00
9.38,-4.30,0.00
9.39,-4.30,0.00
9.40,-4.30,0.00
9.41,-4.30,0.00
9.42,-4.30,0.00
9.43,-4.30,0.00
9.44,-4.30,0.00
9.45,-4.30,0.00
9.46,-4.30,0.00
9.47,-4.31,0.00
9.48,-4.31,0.00
9.49,-4.31,0.00
9.50,-4.31,0.00
9.50,-4.31,0.00
9.51,-4.31,0.00
9.52,-4.31,0.00
9.53,-4.31,0.00
9.54,-4.31,0.00
9.55,-4.31,0.00
9.56,-4.31,0.00
9.57,-4.31,0.00
9.58,-4.31,0.00
9.59,-4.31,0.00
9.60,-4.31,0.00
9.61,-4.32,0.00
9.62,-4.32,0.00
9.63,-4.32,0.00
9.64,-4.32,0.00
9.65,-4.32,0.00
9.66,-4.32,0.00
9.67,-4.32,0.00
9.68,-4.32,0.00
9.69,-4.32,0.00
9.70,-4.32,0.00
9.71,-4.32,0.00
9.72,-4.32,0.00
9.73,-4.32,0.00
9.74,-4.32,0.00
9.75,-4.32,0.00
9.76,-4.32,0.00
9.77,-4.32,0.00
9.78,-4.32,0.00
9.79,-4.32,0.00
9.79,-4.32,0.00
9.80,-4.32,0.00
9.81,-4.32,0.00
9.82,-4.32,0.00
9.83,-4.32,0.00
9.84,-4.32,0.00
9.85,-4.32,0.00
9.86,-4.32,0.00
9.87,-4.32,0.00
9.88,-4.32,0.00
9.89,-4.32,0.00
9.90,-4.32,0.00
9.91,-4.32,0.00
9.92,-4.32,0.00
9.93,-4.32,0.00
9.94,-4.32,0.00
9.95,-4.32,0.00
9.96,-4.32,0.00
9.97,-4.32,0.00
9.98,-4.32,0.00
9.99,-4.32,0.00
10.00,-4.32,0.00
10.01,-4.32,0.00
10.02,-4.32,0.00
10.03,-4.32,0.00
10.04,-4.32,0.00
10.05,-4.32,0.00
10.06,-4.32,0.00
10.07,-4.32,0.00
10.08,-4.32,0.00
10.09,-4.32,0.00
10.10,-4.32,0.00
10.10,-4.32,0.00
10.11,-4.32,0.00
10.12,-4.32,0.00
10.13,-4.32,0.00
10.14,-4.32,0.00
10.15,-4.32,0.00
10.16,-4.32,0.00
10.17,-4.32,0.00
10.18,-4.32,0.00
10.19,-4.32,0.00
10.20,-4.32,0.00
10.21,-4.32,0.00
10.22,-4.32,0.00
10.23,-4.32,0.00
10.24,-4.31,0.00
10.25,-4.31,0.00
10.26,-4.31,0.00
10.27,-4.31,0.00
10.28,-4.31,0.00
10.29,-4.31,0.00
10.30,-4.31,0.00
10.31,-4.31,0.00
10.32,-4.31,0.00
10.33,-4.31,0.00
10.34,-4.31,0.00
10.35,-4.31,0.00
10.36,-4.31,0.00
10.37,-4.31,0.00
10.38,-4.31,0.00
10.38,-4.30,0.00
10.39,-4.30,0.00
10.40,-4.30,0.00
10.41,-4.30,0.00
10.42,-4.30,0.00
10.43,-4.30,0.00
10.44,-4.30,0.00
10.45,-4.30,0.00
10.46,-4.30,0.00
10.47,-4.30,0.00
10.48,-4.30,0.00
10.49,-4.29,0.00
10.50,-4.29,0.00
10.51,-4.29,0.00
10.52,-4.29,0.00
10.53,-4.29,0.00
10.54,-4.29,0.00
10.55,-4.29,0.00
10.56,-4.29,0.00
10.57,-4.29,0.00
10.58,-4.28,0.00
10.59,-4.28,0.00
10.60,-4.28,0.00
10.61,-4.28,0.00
10.62,-4.28,0.00
10.63,-4.28,0.00
10.64,-4.28,0.00
10.64,-4.28,0.00
10.65,-4.28,0.00
10.66,-4.27,0.00
10.67,-4.27,0.00
10.68,-4.27,0.00
10.69,-4.27,0.00
10.70,-4.27,0.00
10.71,-4.27,0.00
10.72,-4.27,0.00
10.73,-4.26,0.00
10.74,-4.26,0.00
10.75,-4.26,0.00
10.76,-4.26,0.00
10.77,-4.26,0.00
10.78,-4.26,0.00
10.79,-4.26,0.00
10.80,-4.25,0.00
10.81,-4.25,0.00
10.82,-4.25,0.00
10.83,-4.25,0.00
10.84,-4.25,0.00
10.85,-4.25,0.00
10.86,-4.25,0.00
10.87,-4.24,0.00
10.87,-4.24,0.00
10.88,-4.24,0.00
10.89,-4.24,0.00
10.90,-4.24,0.00
10.91,-4.24,0.00
10.92,-4.23,0.00
10.93,-4.23,0.00
10.94,-4.23,0.00
10.95,-4.23,0.00
10.96,-4.23,0.00
10.97,-4.22,0.00
10.98,-4.22,0.00
10.99,-4.22,0.00
11.00,-4.22,0.00
11.01,-4.22,0.00
11.02,-4.22,0.00
11.03,-4.21,0.00
11.04,-4.21,0.00
11.05,-4.21,0.00
11.06,-4.21,0.00
11.06,-4.21,0.00
11.07,-4.20,0.00
11.08,-4.20,0.00
11.09,-4.20,0.00
11.10,-4.20,0.00
11.11,-4.20,0.00
11.12,-4.19,0.00
11.13,-4.19,0.00
11.14,-4.19,0.00
11.15,-4.19,0.00
11.16,-4.19,0.00
11.17,-4.18,0.00
11.18,-4.18,0.00
11.19,-4.18,0.00
11.20,-4.18,0.00
11.21,-4.18,0.00
11.22,-4.17,0.00
11.23,-4.17,0.00
11.24,-4.17,0.00
11.24,-4.17,0.00
11.25,-4.16,0.00
11.26,-4.16,0.00
11.27,-4.16,0.00
11.28,-4.16,0.00
11.29,-4.16,0.00
11.30,-4.15,0.00
11.31,-4.15,0.00
11.32,-4.15,0.00
11.33,-4.15,0.00
11.34,-4.14,0.00
11.35,-4.14,0.00
11.36,-4.14,0.00
11.37,-4.14,0.00
11.38,-4.13,0.00
11.39,-4.13,0.00
11.39,-4.13,0.00
11.40,-4.13,0.00
11.41,-4.12,0.00
11.42,-4.12,0.00
11.43,-4.12,0.00
11.44,-4.12,0.00
11.45,-4.11,0.00
11.46,-4.11,0.00
11.47,-4.11,0.00
11.48,-4.11,0.00
11.49,-4.10,0.00
11.50,-4.10,0.00
11.51,-4.10,0.00
11.52,-4.10,0.00
11.53,-4.09,0.00
11.53,-4.09,0.00
11.54,-4.09,0.00
11.55,-4.09,0.00
11.56,-4.08,0.00
11.57,-4.08,0.00
11.58,-4.08,0.00
11.59,-4.07,0.00
11.60,-4.07,0.00
11.61,-4.07,0.00
11.62,-4.07,0.00
11.63,-4.06,0.00
11.64,-4.06,0.00
11.65,-4.06,0.00
11.66,-4.06,0.00
11.66,-4.05,0.00
11.67,-4.05,0.00
11.68,-4.05,0.00
11.69,-4.04,0.00
11.70,-4.04,0.00
11.71,-4.04,0.00
11.72,-4.04,0.00
11.73,-4.03,0.00
11.74,-4.03,0.00
11.75,-4.03,0.00
11.76,-4.02,0.00
11.77,-4.02,0.00
11.78,-4.02,0.00
11.78,-4.01,0.00
11.79,-4.01,0.00
11.80,-4.01,0.00
11.81,-4.01,0.00
11.82,-4.00,0.00
11.83,-4.00,0.00
11.84,-4.00,0.00
11.85,-3.99,0.00
11.86,-3.99,0.00
11.87,-3.99,0.00
11.88,-3.98,0.00
11.89,-3.98,0.00
11.90,-3.98,0.00
11.90,-3.97,0.00
11.91,-3.97,0.00
11.92,-3.97,0.00
11.93,-3.97,0.00
11.94,-3.96,0.00
11.95,-3.96,0.00
11.96,-3.96,0.00
11.97,-3.95,0.00
11.98,-3.95,0.00
11.99,-3.95,0.00
12.00,-3.94,0.00
12.00,-3.94,0.00
12.01,-3.94,0.00
12.02,-3.93,0.00
12.03,-3.93,0.00
12.04,-3.93,0.00
12.05,-3.92,0.00
12.06,-3.92,0.00
12.07,-3.92,0.00
12.08,-3.91,0.00
12.09,-3.91,0.00
12.10,-3.91,0.00
12.10,-3.90,0.00
12.11,-3.90,0.00
12.12,-3.90,0.00
12.13,-3.89,0.00
12.14,-3.89,0.00
12.15,-3.89,0.00
12.16,-3.88,0.00
12.17,-3.88,0.00
12.18,-3.88,0.00
12.19,-3.87,0.00
12.20,-3.87,0.00
12.20,-3.86,0.00
12.21,-3.86,0.00
12.22,-3.86,0.00
12.23,-3.85,0.00
12.24,-3.85,0.00
12.25,-3.85,0.00
12.26,-3.84,0.00
12.27,-3.84,0.00
12.28,-3.84,0.00
12.29,-3.83,0.00
12.29,-3.83,0.00
12.30,-3.83,0.00
12.31,-3.82,0.00
12.32,-3.82,0.00
12.33,-3.81,0.00
12.34,-3.81,0.00
12.35,-3.81,0.00
12.36,-3.80,0.00
12.37,-3.80,0.00
12.37,-3.80,0.00
12.38,-3.79,0.00
12.39,-3.79,0.00
12.40,-3.78,0.00
12.41,-3.78,0.00
12.42,-3.78,0.00
12.43,-3.77,0.00
12.44,-3.77,0.00
12.45,-3.77,0.00
12.46,-3.76,0.00
12.46,-3.76,0.00
12.47,-3.75,0.00
12.48,-3.75,0.00
12.49,-3.75,0.00
12.50,-3.74,0.00
12.51,-3.74,0.00
12.52,-3.74,0.00
12.53,-3.73,0.00
12.54,-3.73,0.00
12.54,-3.72,0.00
12.55,-3.72,0.00
12.56,-3.72,0.00
12.57,-3.71,0.00
12.58,-3.71,0.00
12.59,-3.70,0.00
12.60,-3.70,0.00
12.61,-3.70,0.00
12.61,-3.69,0.00
12.62,-3.69,0.00
12.63,-3.68,0.00
12.64,-3.68,0.00
12.65,-3.68,0.00
12.66,-3.67,0.00
12.67,-3.67,0.00
12.68,-3.66,0.00
12.69,-3.66,0.00
12.69,-3.66,0.00
12.70,-3.65,0.00
12.71,-3.65,0.00
12.72,-3.64,0.00
12.73,-3.64,0.00
12.74,-3.64,0.00
12.75,-3.63,0.00
12.76,-3.63,0.00
12.76,-3.62,0.00
12.77,-3.62,0.00
12.78,-3.62,0.00
12.79,-3.61,0.00
12.80,-3.61,0.00
12.81,-3.60,0.00
12.82,-3.60,0.00
12.83,-3.60,0.00
12.83,-3.59,0.00
12.84,-3.59,0.00
12.85,-3.58,0.00
12.86,-3.58,0.00
12.87,-3.57,0.00
12.88,-3.57,0.00
12.89,-3.57,0.00
12.90,-3.56,0.00
12.90,-3.56,0.00
12.91,-3.55,0.00
12.92,-3.55,0.00
12.93,-3.55,0.00
12.94,-3.54,0.00
12.95,-3.54,0.00
12.96,-3.53,0.00
12.97,-3.53,0.00
12.97,-3.52,0.00
12.98,-3.52,0.00
12.99,-3.52,0.00
13.00,-3.51,0.00
13.01,-3.51,0.00
13.02,-3.50,0.00
13.03,-3.50,0.00
13.04,-3.49,0.00
13.04,-3.49,0.00
13.05,-3.49,0.00
13.06,-3.48,0.00
13.07,-3.48,0.00
13.08,-3.47,0.00
13.09,-3.47,0.00
13.10,-3.46,0.00
13.10,-3.46,0.00
13.11,-3.45,0.00
13.12,-3.45,0.00
13.13,-3.45,0.00
13.14,-3.44,0.00
13.15,-3.44,0.00
13.16,-3.43,0.00
13.16,-3.43,0.00
13.17,-3.42,0.00
13.18,-3.42,0.00
13.19,-3.42,0.00
13.20,-3.41,0.00
13.21,-3.41,0.00
13.22,-3.40,0.00
13.22,-3.40,0.00
13.23,-3.39,0.00
13.24,-3.39,0.00
13.25,-3.38,0.00
13.26,-3.38,0.00
13.27,-3.38,0.00
13.28,-3.37,0.00
13.28,-3.37,0.00
13.29,-3.36,0.00
13.30,-3.36,0.00
13.31,-3.35,0.00
13.32,-3.35,0.00
13.33,-3.34,0.00
13.34,-3.34,0.00
13.34,-3.33,0.00
13.35,-3.33,0.00
13.36,-3.33,0.00
13.37,-3.32,0.00
13.38,-3.32,0.00
13.39,-3.31,0.00
13.40,-3.31,0.00
13.40,-3.30,0.00
13.41,-3.30,0.00
13.42,-3.29,0.00
13.43,-3.29,0.00
13.44,-3.28,0.00
13.45,-3.28,0.00
13.46,-3.27,0.00
13.46,-3.27,0.00
13.47,-3.27,0.00
13.48,-3.26,0.00
13.49,-3.26,0.00
13.50,-3.25,0.00
13.51,-3.25,0.00
13.52,-3.24,0.00
13.52,-3.24,0.00
13.53,-3.23,0.00
13.54,-3.23,0.00
13.55,-3.22,0.00
13.56,-3.22,0.00
13.57,-3.21,0.00
13.57,-3.21,0.00
13.58,-3.21,0.00
13.59,-3.20,0.00
13.60,-3.20,0.00
13.61,-3.19,0.00
13.62,-3.19,0.00
13.63,-3.18,0.00
13.63,-3.18,0.00
13.64,-3.17,0.00
13.65,-3.17,0.00
13.66,-3.16,0.00
13.67,-3.16,0.00
13.68,-3.15,0.00
13.68,-3.15,0.00
13.69,-3.14,0.00
13.70,-3.14,0.00
13.71,-3.14,0.00
13.72,-3.13,0.00
13.73,-3.13,0.00
13.74,-3.12,0.00
13.74,-3.12,0.00
13.75,-3.11,0.00
13.76,-3.11,0.00
13.77,-3.10,0.00
13.78,-3.10,0.00
13.79,-3.09,0.00
13.79,-3.09,0.00
13.80,-3.08,0.00
13.81,-3.08,0.00
13.82,-3.07,0.00
13.83,-3.07,0.00
13.84,-3.06,0.00
13.85,-3.06,0.00
13.85,-3.05,0.00
13.86,-3.05,0.00
13.87,-3.05,0.00
13.88,-3.04,0.00
13.89,-3.04,0.00
13.90,-3.03,0.00
13.90,-3.03,0.00
13.91,-3.02,0.00
13.92,-3.02,0.00
13.93,-3.01,0.00
13.94,-3.01,0.00
13.95,-3.00,0.00
13.96,-3.00,0.00
13.96,-2.99,0.00
13.97,-2.99,0.00
13.98,-2.98,0.00
13.99,-2.98,0.00
14.00,-2.97,0.00
14.01,-2.97,0.00
14.01,-2.96,0.00
14.02,-2.96,0.00
14.03,-2.96,0.00
14.04,-2.95,0.00
14.05,-2.95,0.00
14.06,-2.94,0.00
14.06,-2.94,0.00
14.07,-2.93,0.00
14.08,-2.93,0.00
14.09,-2.92,0.00
14.10,-2.92,0.00
14.11,-2.91,0.00
14.12,-2.91,0.00
14.12,-2.90,0.00
14.13,-2.90,0.00
14.14,-2.89,0.00
14.15,-2.89,0.00
14.16,-2.88,0.00
14.17,-2.88,0.00
14.17,-2.87,0.00
14.18,-2.87,0.00
14.19,-2.86,0.00
14.20,-2.86,0.00
14.21,-2.85,0.00
14.22,-2.85,0.00
14.22,-2.85,0.00
14.23,-2.84,0.00
14.24,-2.84,0.00
14.25,-2.83,0.00
14.26,-2.83,0.00
14.27,-2.82,0.00
14.28,-2.82,0.00
14.28,-2.81,0.00
14.29,-2.81,0.00
14.30,-2.80,0.00
14.31,-2.80,0.00
14.32,-2.79,0.00
14.33,-2.79,0.00
14.33,-2.78,0.00
14.34,-2.78,0.00
14.35,-2.77,0.00
14.36,-2.77,0.00
14.37,-2.76,0.00
14.38,-2.76,0.00
14.38,-2.75,0.00
14.39,-2.75,0.00
14.40,-2.74,0.00
14.41,-2.74,0.00
14.42,-2.73,0.00
14.43,-2.73,0.00
14.44,-2.73,0.00
14.44,-2.72,0.00
14.45,-2.72,0.00
14.46,-2.71,0.00
14.47,-2.71,0.00
14.48,-2.70,0.00
14.49,-2.70,0.00
14.49,-2.69,0.00
14.50,-2.69,0.00
14.51,-2.68,0.00
14.52,-2.68,0.00
14.53,-2.67,0.00
14.54,-2.67,0.00
14.54,-2.66,0.00
14.55,-2.66,0.00
14.56,-2.65,0.00
14.57,-2.65,0.00
14.58,-2.64,0.00
14.59,-2.64,0.00
14.59,-2.63,0.00
14.60,-2.63,0.00
14.61,-2.62,0.00
14.62,-2.62,0.00
14.63,-2.61,0.00
14.64,-2.61,0.00
14.65,-2.61,0.00
14.65,-2.60,0.00
14.66,-2.60,0.00
14.67,-2.59,0.00
14.68,-2.59,0.00
14.69,-2.58,0.00
14.70,-2.58,0.00
14.70,-2.57,0.00
14.71,-2.57,0.00
14.72,-2.56,0.00
14.73,-2.56,0.00
14.74,-2.55,0.00
14.75,-2.55,0.00
14.75,-2.54,0.00
14.76,-2.54,0.00
14.77,-2.53,0.00
14.78,-2.53,0.00
14.79,-2.52,0.00
14.80,-2.52,0.00
14.80,-2.51,0.00
14.81,-2.51,0.00
14.82,-2.50,0.00
14.83,-2.50,0.00
14.84,-2.49,0.00
14.85,-2.49,0.00
14.86,-2.49,0.00
14.86,-2.48,0.00
14.87,-2.48,0.00
14.88,-2.47,0.00
14.89,-2.47,0.00
14.90,-2.46,0.00
14.91,-2.46,0.00
14.91,-2.45,0.00
14.92,-2.45,0.00
14.93,-2.44,0.00
14.94,-2.44,0.00
14.95,-2.43,0.00
14.96,-2.43,0.00
14.96,-2.42,0.00
14.97,-2.42,0.00
14.98,-2.41,0.00
14.99,-2.41,0.00
15.00,-2.40,0.00
15.01,-2.40,0.00
15.02,-2.39,0.00
15.02,-2.39,0.00
15.03,-2.38,0.00
15.04,-2.38,0.00
15.05,-2.38,0.00
15.06,-2.37,0.00
15.07,-2.37,0.00
15.07,-2.36,0.00
15.08,-2.36,0.00
15.09,-2.35,0.00
15.10,-2.35,0.00
15.11,-2.34,0.00
15.12,-2.34,0.00
15.12,-2.33,0.00
15.13,-2.33,0.00
15.14,-2.32,0.00
15.15,-2.32,0.00
15.16,-2.31,0.00
15.17,-2.31,0.00
15.18,-2.30,0.00
15.18,-2.30,0.00
15.19,-2.29,0.00
15.20,-2.29,0.00
15.21,-2.29,0.00
15.22,-2.28,0.00
15.23,-2.28,0.00
15.23,-2.27,0.00
15.24,-2.27,0.00
15.25,-2.26,0.00
15.26,-2.26,0.00
15.27,-2.25,0.00
15.28,-2.25,0.00
15.29,-2.24,0.00
15.29,-2.24,0.00
15.30,-2.23,0.00
15.31,-2.23,0.00
15.32,-2.22,0.00
15.33,-2.22,0.00
15.34,-2.21,0.00
15.34,-2.21,0.00
15.35,-2.21,0.00
15.36,-2.20,0.00
15.37,-2.20,0.00
15.38,-2.19,0.00
15.39,-2.19,0.00
15.40,-2.18,0.00
15.40,-2.18,0.00
15.41,-2.17,0.00
15.42,-2.17,0.00
15.43,-2.16,0.00
15.44,-2.16,0.00
15.45,-2.15,0.00
15.45,-2.15,0.00
15.46,-2.14,0.00
15.47,-2.14,0.00
15.48,-2.13,0.00
15.49,-2.13,0.00
15.50,-2.13,0.00
15.51,-2.12,0.00
15.51,-2.12,0.00
15.52,-2.11,0.00
15.53,-2.11,0.00
15.54,-2.10,0.00
15.55,-2.10,0.00
15.56,-2.09,0.00
15.57,-2.09,0.00
15.57,-2.08,0.00
15.58,-2.08,0.00
15.59,-2.07,0.00
15.60,-2.07,0.00
15.61,-2.07,0.00
15.62,-2.06,0.00
15.62,-2.06,0.00
15.63,-2.05,0.00
15.64,-2.05,0.00
15.65,-2.04,0.00
15.66,-2.04,0.00
15.67,-2.03,0.00
15.68,-2.03,0.00
15.68,-2.02,0.00
15.69,-2.02,0.00
15.70,-2.01,0.00
15.71,-2.01,0.00
15.72,-2.01,0.00
15.73,-2.00,0.00
15.74,-2.00,0.00
15.74,-1.99,0.00
15.75,-1.99,0.00
15.76,-1.98,0.00
15.77,-1.98,0.00
15.78,-1.97,0.00
15.79,-1.97,0.00
15.80,-1.96,0.00
15.80,-1.96,0.00
15.81,-1.96,0.00
15.82,-1.95,0.00
15.83,-1.95,0.00
15.84,-1.94,0.00
15.85,-1.94,0.00
15.86,-1.93,0.00
15.86,-1.93,0.00
15.87,-1.92,0.00
15.88,-1.92,0.00
15.89,-1.91,0.00
15.90,-1.91,0.00
15.91,-1.91,0.00
15.92,-1.90,0.00
15.92,-1.90,0.00
15.93,-1.89,0.00
15.94,-1.89,0.00
15.95,-1.88,0.00
15.96,-1.88,0.00
15.97,-1.87,0.00
15.98,-1.87,0.00
15.98,-1.87,0.00
15.99,-1.86,0.00
16.00,-1.86,0.00
16.01,-1.85,0.00
16.02,-1.85,0.00
16.03,-1.84,0.00
16.04,-1.84,0.00
16.04,-1.83,0.00
16.05,-1.83,0.00
16.06,-1.83,0.00
16.07,-1.82,0.00
16.08,-1.82,0.00
16.09,-1.81,0.00
16.10,-1.81,0.00
16.10,-1.80,0.00
16.11,-1.80,0.00
16.12,-1.79,0.00
16.13,-1.79,0.00
16.14,-1.79,0.00
16.15,-1.78,0.00
16.16,-1.78,0.00
16.17,-1.77,0.00
16.17,-1.77,0.00
16.18,-1.76,0.00
16.19,-1.76,0.00
16.20,-1.76,0.00
16.21,-1.75,0.00
16.22,-1.75,0.00
16.23,-1.74,0.00
16.23,-1.74,0.00
16.24,-1.73,0.00
16.25,-1.73,0.00
16.26,-1.73,0.00
16.27,-1.72,0.00
16.28,-1.72,0.00
16.29,-1.71,0.00
16.30,-1.71,0.00
16.30,-1.70,0.00
16.31,-1.70,0.00
16.32,-1.70,0.00
16.33,-1.69,0.00
16.34,-1.69,0.00
16.35,-1.68,0.00
16.36,-1.68,0.00
16.36,-1.67,0.00
16.37,-1.67,0.00
16.38,-1.67,0.00
16.39,-1.66,0.00
16.40,-1.66,0.00
16.41,-1.65,0.00
16.42,-1.65,0.00
16.43,-1.64,0.00
16.43,-1.64,0.00
16.44,-1.64,0.00
16.45,-1.63,0.00
16.46,-1.63,0.00
16.47,-1.62,0.00
16.48,-1.62,0.00
16.49,-1.62,0.00
16.50,-1.61,0.00
16.50,-1.61,0.00
16.51,-1.60,0.00
16.52,-1.60,0.00
16.53,-1.59,0.00
16.54,-1.59,0.00
16.55,-1.59,0.00
16.56,-1.58,0.00
16.57,-1.58,0.00
16.57,-1.57,0.00
16.58,-1.57,0.00
16.59,-1.57,0.00
16.60,-1.56,0.00
16.61,-1.56,0.00
16.62,-1.55,0.00
16.63,-1.55,0.00
16.64,-1.55,0.00
16.64,-1.54,0.00
16.65,-1.54,0.00
16.66,-1.53,0.00
16.67,-1.53,0.00
16.68,-1.53,0.00
16.69,-1.52,0.00
16.70,-1.52,0.00
16.71,-1.51,0.00
16.72,-1.51,0.00
16.72,-1.51,0.00
16.73,-1.50,0.00
16.74,-1.50,0.00
16.75,-1.49,0.00
16.76,-1.49,0.00
16.77,-1.49,0.00
16.78,-1.48,0.00
16.79,-1.48,0.00
16.79,-1.47,0.00
16.80,-1.47,0.00
16.81,-1.47,0.00
16.82,-1.46,0.00
16.83,-1.46,0.00
16.84,-1.45,0.00
16.85,-1.45,0.00
16.86,-1.45,0.00
16.87,-1.44,0.00
16.87,-1.44,0.00
16.88,-1.43,0.00
16.89,-1.43,0.00
16.90,-1.43,0.00
16.91,-1.42,0.00
16.92,-1.42,0.00
16.93,-1.42,0.00
16.94,-1.41,0.00
16.95,-1.41,0.00
16.95,-1.40,0.00
16.96,-1.40,0.00
16.97,-1.40,0.00
16.98,-1.39,0.00
16.99,-1.39,0.00
17.00,-1.39,0.00
17.01,-1.38,0.00
17.02,-1.38,0.00
17.03,-1.37,0.00
17.03,-1.37,0.00
17.04,-1.37,0.00
17.05,-1.36,0.00
17.06,-1.36,0.00
17.07,-1.36,0.00
17.08,-1.35,0.00
17.09,-1.35,0.00
17.10,-1.34,0.00
17.11,-1.34,0.00
17.12,-1.34,0.00
17.12,-1.33,0.00
17.13,-1.33,0.00
17.14,-1.33,0.00
17.15,-1.32,0.00
17.16,-1.32,0.00
17.17,-1.32,0.00
17.18,-1.31,0.00
17.19,-1.31,0.00
17.20,-1.31,0.00
17.21,-1.30,0.00
17.21,-1.30,0.00
17.22,-1.29,0.00
17.23,-1.29,0.00
17.24,-1.29,0.00
17.25,-1.28,0.00
17.26,-1.28,0.00
17.27,-1.28,0.00
17.28,-1.27,0.00
17.29,-1.27,0.00
17.30,-1.27,0.00
17.30,-1.26,0.00
17.31,-1.26,0.00
17.32,-1.26,0.00
17.33,-1.25,0.00
17.34,-1.25,0.00
17.35,-1.25,0.00
17.36,-1.24,0.00
17.37,-1.24,0.00
17.38,-1.24,0.00
17.39,-1.23,0.00
17.40,-1.23,0.00
17.40,-1.23,0.00
17.41,-1.22,0.00
17.42,-1.22,0.00
17.43,-1.22,0.00
17.44,-1.21,0.00
17.45,-1.21,0.00
17.46,-1.21,0.00
17.47,-1.20,0.00
17.48,-1.20,0.00
17.49,-1.20,0.00
17.50,-1.19,0.00
17.50,-1.19,0.00
17.51,-1.19,0.00
17.52,-1.18,0.00
17.53,-1.18,0.00
17.54,-1.18,0.00
17.55,-1.17,0.00
17.56,-1.17,0.00
17.57,-1.17,0.00
17.58,-1.16,0.00
17.59,-1.16,0.00
17.60,-1.16,0.00
17.61,-1.16,0.00
17.61,-1.15,0.00
17.62,-1.15,0.00
17.63,-1.15,0.00
17.64,-1.14,0.00
17.65,-1.14,0.00
17.66,-1.14,0.00
17.67,-1.13,0.00
17.68,-1.13,0.00
17.69,-1.13,0.00
17.70,-1.13,0.00
17.71,-1.12,0.00
17.72,-1.12,0.00
17.72,-1.12,0.00
17.73,-1.11,0.00
17.74,-1.11,0.00
17.75,-1.11,0.00
17.76,-1.10,0.00
17.77,-1.10,0.00
17.78,-1.10,0.00
17.79,-1.10,0.00
17.80,-1.09,0.00
17.81,-1.09,0.00
17.82,-1.09,0.00
17.83,-1.08,0.00
17.84,-1.08,0.00
17.85,-1.08,0.00
17.85,-1.08,0.00
17.86,-1.07,0.00
17.87,-1.07,0.00
17.88,-1.07,0.00
17.89,-1.07,0.00
17.90,-1.06,0.00
17.91,-1.06,0.00
17.92,-1.06,0.00
17.93,-1.05,0.00
17.94,-1.05,0.00
17.95,-1.05,0.00
17.96,-1.05,0.00
17.97,-1.04,0.00
17.98,-1.04,0.00
17.98,-1.04,0.00
17.99,-1.04,0.00
18.00,-1.03,0.00
18.01,-1.03,0.00
18.02,-1.03,0.00
18.03,-1.03,0.00
18.04,-1.02,0.00
18.05,-1.02,0.00
18.06,-1.02,0.00
18.07,-1.02,0.00
18.08,-1.01,0.00
18.09,-1.01,0.00
18.10,-1.01,0.00
18.11,-1.01,0.00
18.12,-1.00,0.00
18.13,-1.00,0.00
18.13,-1.00,0.00
18.14,-1.00,0.00
18.15,-1.00,0.00
18.16,-0.99,0.00
18.17,-0.99,0.00
18.18,-0.99,0.00
18.19,-0.99,0.00
18.20,-0.98,0.00
18.21,-0.98,0.00
18.22,-0.98,0.00
18.23,-0.98,0.00
18.24,-0.98,0.00
18.25,-0.97,0.00
18.26,-0.97,0.00
18.27,-0.97,0.00
18.28,-0.97,0.00
18.29,-0.96,0.00
18.29,-0.96,0.00
18.30,-0.96,0.00
18.31,-0.96,0.00
18.32,-0.96,0.00
18.33,-0.95,0.00
18.34,-0.95,0.00
18.35,-0.95,0.00
18.36,-0.95,0.00
18.37,-0.95,0.00
18.38,-0.94,0.00
18.39,-0.94,0.00
18.40,-0.94,0.00
18.41,-0.94,0.00
18.42,-0.94,0.00
18.43,-0.93,0.00
18.44,-0.93,0.00
18.45,-0.93,0.00
18.46,-0.93,0.00
18.47,-0.93,0.00
18.48,-0.93,0.00
18.48,-0.92,0.00
18.49,-0.92,0.00
18.50,-0.92,0.00
18.51,-0.92,0.00
18.52,-0.92,0.00
18.53,-0.92,0.00
18.54,-0.91,0.00
18.55,-0.91,0.00
18.56,-0.91,0.00
18.57,-0.91,0.00
18.58,-0.91,0.00
18.59,-0.91,0.00
18.60,-0.90,0.00
18.61,-0.90,0.00
18.62,-0.90,0.00
18.63,-0.90,0.00
18.64,-0.90,0.00
18.65,-0.90,0.00
18.66,-0.90,0.00
18.67,-0.89,0.00
18.68,-0.89,0.00
18.69,-0.89,0.00
18.69,-0.89,0.00
18.70,-0.89,0.00
18.71,-0.89,0.00
18.72,-0.89,0.00
18.73,-0.88,0.00
18.74,-0.88,0.00
18.75,-0.88,0.00
18.76,-0.88,0.00
18.77,-0.88,0.00
18.78,-0.88,0.00
18.79,-0.88,0.00
18.80,-0.88,0.00
18.81,-0.87,0.00
18.82,-0.87,0.00
18.83,-0.87,0.00
18.84,-0.87,0.00
18.85,-0.87,0.00
18.86,-0.87,0.00
18.87,-0.87,0.00
18.88,-0.87,0.00
18.89,-0.87,0.00
18.90,-0.87,0.00
18.91,-0.86,0.00
18.92,-0.86,0.00
18.93,-0.86,0.00
18.94,-0.86,0.00
18.94,-0.86,0.00
18.95,-0.86,0.00
18.96,-0.86,0.00
18.97,-0.86,0.00
18.98,-0.86,0.00
18.99,-0.86,0.00
19.00,-0.86,0.00
19.01,-0.86,0.00
19.02,-0.86,0.00
19.03,-0.85,0.00
19.04,-0.85,0.00
19.05,-0.85,0.00
19.06,-0.85,0.00
19.07,-0.85,0.00
19.08,-0.85,0.00
19.09,-0.85,0.00
19.10,-0.85,0.00
19.11,-0.85,0.00
19.12,-0.85,0.00
19.13,-0.85,0.00
19.14,-0.85,0.00
19.15,-0.85,0.00
19.16,-0.85,0.00
19.17,-0.85,0.00
19.18,-0.85,0.00
19.19,-0.85,0.00
19.20,-0.85,0.00
19.21,-0.85,0.00
19.22,-0.85,0.00
19.23,-0.85,0.00
19.23,-0.85,0.00
19.24,-0.84,0.00
19.25,-0.84,0.00
19.26,-0.84,0.00
19.27,-0.84,0.00
19.28,-0.84,0.00
19.29,-0.84,0.00
19.30,-0.84,0.00
19.31,-0.84,0.00
19.32,-0.84,0.00
19.33,-0.84,0.00
19.34,-0.84,0.00
19.35,-0.84,0.00
19.36,-0.84,0.00
19.37,-0.84,0.00
19.38,-0.84,0.00
19.39,-0.84,0.00
19.40,-0.84,0.00
19.41,-0.85,0.00
19.42,-0.85,0.00
19.43,-0.85,0.00
19.44,-0.85,0.00
19.45,-0.85,0.00
19.46,-0.85,0.00
19.47,-0.85,0.00
19.48,-0.85,0.00
19.49,-0.85,0.00
19.50,-0.85,0.00
19.51,-0.85,0.00
19.52,-0.85,0.00
19.53,-0.85,0.00
19.53,-0.85,0.00
19.54,-0.85,0.00
19.55,-0.85,0.00
19.56,-0.85,0.00
19.57,-0.85,0.00
19.58,-0.85,0.00
19.59,-0.85,0.00
19.60,-0.85,0.00
19.61,-0.85,0.00
19.62,-0.85,0.00
19.63,-0.86,0.00
19.64,-0.86,0.00
19.65,-0.86,0.00
19.66,-0.86,0.00
19.67,-0.86,0.00
19.68,-0.86,0.00
19.69,-0.86,0.00
19.70,-0.86,0.00
19.71,-0.86,0.00
19.72,-0.86,0.00
19.73,-0.86,0.00
19.74,-0.86,0.00
19.75,-0.87,0.00
19.76,-0.87,0.00
19.77,-0.87,0.00
19.78,-0.87,0.00
19.79,-0.87,0.00
19.80,-0.87,0.00
19.80,-0.87,0.00
19.81,-0.87,0.00
19.82,-0.87,0.00
19.83,-0.88,0.00
19.84,-0.88,0.00
19.85,-0.88,0.00
19.86,-0.88,0.00
19.87,-0.88,0.00
19.88,-0.88,0.00
19.89,-0.88,0.00
19.90,-0.88,0.00
19.91,-0.89,0.00
19.92,-0.89,0.00
19.93,-0.89,0.00
19.94,-0.89,0.00
19.95,-0.89,0.00
19.96,-0.89,0.00
19.97,-0.89,0.00
19.98,-0.90,0.00
19.99,-0.90,0.00
20.00,-0.90,0.00
20.01,-0.90,0.00
20.02,-0.90,0.00
20.03,-0.90,0.00
20.03,-0.91,0.00
20.04,-0.91,0.00
20.05,-0.91,0.00
20.06,-0.91,0.00
20.07,-0.91,0.00
20.08,-0.91,0.00
20.09,-0.92,0.00
20.10,-0.92,0.00
20.11,-0.92,0.00
20.12,-0.92,0.00
20.13,-0.92,0.00
20.14,-0.93,0.00
20.15,-0.93,0.00
20.16,-0.93,0.00
20.17,-0.93,0.00
20.18,-0.93,0.00
20.19,-0.94,0.00
20.20,-0.94,0.00
20.21,-0.94,0.00
20.22,-0.94,0.00
20.22,-0.94,0.00
20.23,-0.95,0.00
20.24,-0.95,0.00
20.25,-0.95,0.00
20.26,-0.95,0.00
20.27,-0.95,0.00
20.28,-0.96,0.00
20.29,-0.96,0.00
20.30,-0.96,0.00
20.31,-0.96,0.00
20.32,-0.97,0.00
20.33,-0.97,0.00
20.34,-0.97,0.00
20.35,-0.97,0.00
20.36,-0.98,0.00
20.37,-0.98,0.00
20.38,-0.98,0.00
20.38,-0.98,0.00
20.39,-0.99,0.00
20.40,-0.99,0.00
20.41,-0.99,0.00
20.42,-0.99,0.00
20.43,-1.00,0.00
20.44,-1.00,0.00
20.45,-1.00,0.00
20.46,-1.00,0.00
20.47,-1.01,0.00
20.48,-1.01,0.00
20.49,-1.01,0.00
20.50,-1.01,0.00
20.51,-1.02,0.00
20.51,-1.02,0.00
20.52,-1.02,0.00
20.53,-1.03,0.00
20.54,-1.03,0.00
20.55,-1.03,0.00
20.56,-1.03,0.00
20.57,-1.04,0.00
20.58,-1.04,0.00
20.59,-1.04,0.00
20.60,-1.05,0.00
20.61,-1.05,0.00
20.62,-1.05,0.00
20.63,-1.05,0.00
20.64,-1.06,0.00
20.64,-1.06,0.00
20.65,-1.06,0.00
20.66,-1.07,0.00
20.67,-1.07,0.00
20.68,-1.07,0.00
20.69,-1.08,0.00
20.70,-1.08,0.00
20.71,-1.08,0.00
20.72,-1.09,0.00
20.73,-1.09,0.00
20.74,-1.09,0.00
20.75,-1.09,0.00
20.75,-1.10,0.00
20.76,-1.10,0.00
20.77,-1.10,0.00
20.78,-1.11,0.00
20.79,-1.11,0.00
20.80,-1.11,0.00
20.81,-1.12,0.00
20.82,-1.12,0.00
20.83,-1.12,0.00
20.84,-1.13,0.00
20.85,-1.13,0.00
20.85,-1.13,0.00
20.86,-1.14,0.00
20.87,-1.14,0.00
20.88,-1.14,0.00
20.89,-1.15,0.00
20.90,-1.15,0.00
20.91,-1.16,0.00
20.92,-1.16,0.00
20.93,-1.16,0.00
20.94,-1.17,0.00
20.94,-1.17,0.00
20.95,-1.17,0.00
20.96,-1.18,0.00
20.97,-1.18,0.00
20.98,-1.18,0.00
20.99,-1.19,0.00
21.00,-1.19,0.00
21.01,-1.20,0.00
21.02,-1.20,0.00
21.03,-1.20,0.00
21.03,-1.21,0.00
21.04,-1.21,0.00
21.05,-1.21,0.00
21.06,-1.22,0.00
21.07,-1.22,0.00
21.08,-1.23,0.00
21.09,-1.23,0.00
21.10,-1.23,0.00
21.11,-1.24,0.00
21.11,-1.24,0.00
21.12,-1.24,0.00
21.13,-1.25,0.00
21.14,-1.25,0.00
21.15,-1.26,0.00
21.16,-1.26,0.00
21.17,-1.26,0.00
21.18,-1.27,0.00
21.19,-1.27,0.00
21.19,-1.28,0.00
21.20,-1.28,0.00
21.21,-1.28,0.00
21.22,-1.29,0.00
21.23,-1.29,0.00
21.24,-1.30,0.00
21.25,-1.30,0.00
21.26,-1.30,0.00
21.26,-1.31,0.00
21.27,-1.31,0.00
21.28,-1.32,0.00
21.29,-1.32,0.00
21.30,-1.32,0.00
21.31,-1.33,0.00
21.32,-1.33,0.00
21.33,-1.34,0.00
21.33,-1.34,0.00
21.34,-1.35,0.00
21.35,-1.35,0.00
21.36,-1.35,0.00
21.37,-1.36,0.00
21.38,-1.36,0.00
21.39,-1.37,0.00
21.40,-1.37,0.00
21.40,-1.38,0.00
21.41,-1.38,0.00
21.42,-1.38,0.00
21.43,-1.39,0.00
21.44,-1.39,0.00
21.45,-1.40,0.00
21.46,-1.40,0.00
21.46,-1.41,0.00
21.47,-1.41,0.00
21.48,-1.41,0.00
21.49,-1.42,0.00
21.50,-1.42,0.00
21.51,-1.43,0.00
21.52,-1.43,0.00
21.52,-1.44,0.00
21.53,-1.44,0.00
21.54,-1.45,0.00
21.55,-1.45,0.00
21.56,-1.45,0.00
21.57,-1.46,0.00
21.58,-1.46,0.00
21.58,-1.47,0.00
21.59,-1.47,0.00
21.60,-1.48,0.00
21.61,-1.48,0.00
21.62,-1.49,0.00
21.63,-1.49,0.00
21.64,-1.50,0.00
21.64,-1.50,0.00
21.65,-1.50,0.00
21.66,-1.51,0.00
21.67,-1.51,0.00
21.68,-1.52,0.00
21.69,-1.52,0.00
21.70,-1.53,0.00
21.70,-1.53,0.00
21.71,-1.54,0.00
21.72,-1.54,0.00
21.73,-1.55,0.00
21.74,-1.55,0.00
21.75,-1.56,0.00
21.75,-1.56,0.00
21.76,-1.57,0.00
21.77,-1.57,0.00
21.78,-1.57,0.00
21.79,-1.58,0.00
21.80,-1.58,0.00
21.81,-1.59,0.00
21.81,-1.59,0.00
21.82,-1.60,0.00
21.83,-1.60,0.00
21.84,-1.61,0.00
21.85,-1.61,0.00
21.86,-1.62,0.00
21.86,-1.62,0.00
21.87,-1.63,0.00
21.88,-1.63,0.00
21.89,-1.64,0.00
21.90,-1.64,0.00
21.91,-1.65,0.00
21.91,-1.65,0.00
21.92,-1.66,0.00
21.93,-1.66,0.00
21.94,-1.67,0.00
21.95,-1.67,0.00
21.96,-1.68,0.00
21.96,-1.68,0.00
21.97,-1.69,0.00
21.98,-1.69,0.00
21.99,-1.70,0.00
22.00,-1.70,0.00
22.01,-1.71,0.00
22.01,-1.71,0.00
22.02,-1.72,0.00
22.03,-1.72,0.00
22.04,-1.73,0.00
22.05,-1.73,0.00
22.06,-1.74,0.00
22.06,-1.74,0.00
22.07,-1.75,0.00
22.08,-1.75,0.00
22.09,-1.76,0.00
22.10,-1.76,0.00
22.11,-1.77,0.00
22.11,-1.77,0.00
22.12,-1.78,0.00
22.13,-1.78,0.00
22.14,-1.79,0.00
22.15,-1.79,0.00
22.16,-1.80,0.00
22.16,-1.80,0.00
22.17,-1.81,0.00
22.18,-1.81,0.00
22.19,-1.82,0.00
22.20,-1.82,0.00
22.20,-1.83,0.00
22.21,-1.83,0.00
22.22,-1.84,0.00
22.23,-1.84,0.00
22.24,-1.85,0.00
22.25,-1.85,0.00
22.25,-1.86,0.00
22.26,-1.86,0.00
22.27,-1.87,0.00
22.28,-1.87,0.00
22.29,-1.88,0.00
22.29,-1.88,0.00
22.30,-1.89,0.00
22.31,-1.89,0.00
22.32,-1.90,0.00
22.33,-1.90,0.00
22.34,-1.91,0.00
22.34,-1.92,0.00
22.35,-1.92,0.00
22.36,-1.93,0.00
22.37,-1.93,0.00
22.38,-1.94,0.00
22.38,-1.94,0.00
22.39,-1.95,0.00
22.40,-1.95,0.00
22.41,-1.96,0.00
22.42,-1.96,0.00
22.42,-1.97,0.00
22.43,-1.97,0.00
22.44,-1.98,0.00
22.45,-1.98,0.00
22.46,-1.99,0.00
22.47,-1.99,0.00
22.47,-2.00,0.00
22.48,-2.00,0.00
22.49,-2.01,0.00
22.50,-2.02,0.00
22.51,-2.02,0.00
22.51,-2.03,0.00
22.52,-2.03,0.00
22.53,-2.04,0.00
22.54,-2.04,0.00
22.55,-2.05,0.00
22.55,-2.05,0.00
22.56,-2.06,0.00
22.57,-2.06,0.00
22.58,-2.07,0.00
22.59,-2.07,0.00
22.59,-2.08,0.00
22.60,-2.08,0.00
22.61,-2.09,0.00
22.62,-2.10,0.00
22.63,-2.10,0.00
22.64,-2.11,0.00
22.64,-2.11,0.00
22.65,-2.12,0.00
22.66,-2.12,0.00
22.67,-2.13,0.00
22.68,-2.13,0.00
22.68,-2.14,0.00
22.69,-2.14,0.00
22.70,-2.15,0.00
22.71,-2.15,0.00
22.72,-2.16,0.00
22.72,-2.17,0.00
22.73,-2.17,0.00
22.74,-2.18,0.00
22.75,-2.18,0.00
22.76,-2.19,0.00
22.76,-2.19,0.00
22.77,-2.20,0.00
22.78,-2.20,0.00
22.79,-2.21,0.00
22.80,-2.21,0.00
22.80,-2.22,0.00
22.81,-2.23,0.00
22.82,-2.23,0.00
22.83,-2.24,0.00
22.84,-2.24,0.00
22.84,-2.25,0.00
22.85,-2.25,0.00
22.86,-2.26,0.00
22.87,-2.26,0.00
22.88,-2.27,0.00
22.88,-2.28,0.00
22.89,-2.28,0.00
22.90,-2.29,0.00
22.91,-2.29,0.00
22.92,-2.30,0.00
22.92,-2.30,0.00
22.93,-2.31,0.00
22.94,-2.31,0.00
22.95,-2.32,0.00
22.95,-2.32,0.00
22.96,-2.33,0.00
22.97,-2.34,0.00
22.98,-2.34,0.00
22.99,-2.35,0.00
22.99,-2.35,0.00
23.00,-2.36,0.00
23.01,-2.36,0.00
23.02,-2.37,0.00
23.03,-2.37,0.00
23.03,-2.38,0.00
23.04,-2.39,0.00
23.05,-2.39,0.00
23.06,-2.40,0.00
23.07,-2.40,0.00
23.07,-2.41,0.00
23.08,-2.41,0.00
23.09,-2.42,0.00
23.10,-2.42,0.00
23.11,-2.43,0.00
23.11,-2.44,0.00
23.12,-2.44,0.00
23.13,-2.45,0.00
23.14,-2.45,0.00
23.15,-2.46,0.00
23.15,-2.46,0.00
23.16,-2.47,0.00
23.17,-2.47,0.00
23.18,-2.48,0.00
23.18,-2.49,0.00
23.19,-2.49,0.00
23.20,-2.50,0.00
23.21,-2.50,0.00
23.22,-2.51,0.00
23.22,-2.51,0.00
23.23,-2.52,0.00
23.24,-2.52,0.00
23.25,-2.53,0.00
23.26,-2.54,0.00
23.26,-2.54,0.00
23.27,-2.55,0.00
23.28,-2.55,0.00
23.29,-2.56,0.00
23.30,-2.56,0.00
23.30,-2.57,0.00
23.31,-2.57,0.00
23.32,-2.58,0.00
23.33,-2.59,0.00
23.34,-2.59,0.00
23.34,-2.60,0.00
23.35,-2.60,0.00
23.36,-2.61,0.00
23.37,-2.61,0.00
23.37,-2.62,0.00
23.38,-2.63,0.00
23.39,-2.63,0.00
23.40,-2.64,0.00
23.41,-2.64,0.00
23.41,-2.65,0.00
23.42,-2.65,0.00
23.43,-2.66,0.00
