17.29,-0.04,0.00
17.29,-0.04,0.00
17.30,-0.03,0.00
17.31,-0.03,0.00
17.32,-0.03,0.00
17.33,-0.02,0.00
17.34,-0.02,0.00
17.35,-0.01,0.00
17.35,-0.01,0.00
17.36,-0.00,0.00
17.37,0.00,0.00
17.38,0.01,0.00
17.39,0.01,0.00
17.40,0.02,0.00
17.41,0.02,0.00
17.41,0.03,0.00
17.42,0.03,0.00
17.43,0.04,0.00
17.44,0.04,0.00
17.45,0.05,0.00
17.46,0.05,0.00
17.46,0.05,0.00
17.47,0.06,0.00
17.48,0.06,0.00
17.49,0.07,0.00
17.50,0.07,0.00
17.51,0.08,0.00
17.52,0.08,0.00
17.52,0.09,0.00
17.53,0.09,0.00
17.54,0.10,0.00
17.55,0.10,0.00
17.56,0.11,0.00
17.57,0.11,0.00
17.58,0.11,0.00
17.58,0.12,0.00
17.59,0.12,0.00
17.60,0.13,0.00
17.61,0.13,0.00
17.62,0.14,0.00
17.63,0.14,0.00
17.64,0.15,0.00
17.65,0.15,0.00
17.65,0.15,0.00
17.66,0.16,0.00
17.67,0.16,0.00
17.68,0.17,0.00
17.69,0.17,0.00
17.70,0.18,0.00
17.71,0.18,0.00
17.71,0.19,0.00
17.72,0.19,0.00
17.73,0.19,0.00
17.74,0.20,0.00
17.75,0.20,0.00
17.76,0.21,0.00
17.77,0.21,0.00
17.78,0.22,0.00
17.78,0.22,0.00
17.79,0.22,0.00
17.80,0.23,0.00
17.81,0.23,0.00
17.82,0.24,0.00
17.83,0.24,0.00
17.84,0.25,0.00
17.84,0.25,0.00
17.85,0.25,0.00
17.86,0.26,0.00
17.87,0.26,0.00
17.88,0.27,0.00
17.89,0.27,0.00
17.90,0.28,0.00
17.91,0.28,0.00
17.91,0.28,0.00
17.92,0.29,0.00
17.93,0.29,0.00
17.94,0.30,0.00
17.95,0.30,0.00
17.96,0.30,0.00
17.97,0.31,0.00
17.98,0.31,0.00
17.99,0.32,0.00
17.99,0.32,0.00
18.00,0.32,0.00
18.01,0.33,0.00
18.02,0.33,0.00
18.03,0.34,0.00
18.04,0.34,0.00
18.05,0.35,0.00
18.06,0.35,0.00
18.06,0.35,0.00
18.07,0.36,0.00
18.08,0.36,0.00
18.09,0.36,0.00
18.10,0.37,0.00
18.11,0.37,0.00
18.12,0.38,0.00
18.13,0.38,0.00
18.14,0.38,0.00
18.14,0.39,0.00
18.15,0.39,0.00
18.16,0.40,0.00
18.17,0.40,0.00
18.18,0.40,0.00
18.19,0.41,0.00
18.20,0.41,0.00
18.21,0.42,0.00
18.22,0.42,0.00
18.23,0.42,0.00
18.23,0.43,0.00
18.24,0.43,0.00
18.25,0.43,0.00
18.26,0.44,0.00
18.27,0.44,0.00
18.28,0.45,0.00
18.29,0.45,0.00
18.30,0.45,0.00
18.31,0.46,0.00
18.31,0.46,0.00
18.32,0.46,0.00
18.33,0.47,0.00
18.34,0.47,0.00
18.35,0.47,0.00
18.36,0.48,0.00
18.37,0.48,0.00
18.38,0.49,0.00
18.39,0.49,0.00
18.40,0.49,0.00
18.40,0.50,0.00
18.41,0.50,0.00
18.42,0.50,0.00
18.43,0.51,0.00
18.44,0.51,0.00
18.45,0.51,0.00
18.46,0.52,0.00
18.47,0.52,0.00
18.48,0.52,0.00
18.49,0.53,0.00
18.50,0.53,0.00
18.50,0.53,0.00
18.51,0.54,0.00
18.52,0.54,0.00
18.53,0.54,0.00
18.54,0.55,0.00
18.55,0.55,0.00
18.56,0.56,0.00
18.57,0.56,0.00
18.58,0.56,0.00
18.59,0.57,0.00
18.60,0.57,0.00
18.61,0.57,0.00
18.61,0.57,0.00
18.62,0.58,0.00
18.63,0.58,0.00
18.64,0.58,0.00
18.65,0.59,0.00
18.66,0.59,0.00
18.67,0.59,0.00
18.68,0.60,0.00
18.69,0.60,0.00
18.70,0.60,0.00
18.71,0.61,0.00
18.72,0.61,0.00
18.72,0.61,0.00
18.73,0.62,0.00
18.74,0.62,0.00
18.75,0.62,0.00
18.76,0.63,0.00
18.77,0.63,0.00
18.78,0.63,0.00
18.79,0.63,0.00
18.80,0.64,0.00
18.81,0.64,0.00
18.82,0.64,0.00
18.83,0.65,0.00
18.84,0.65,0.00
18.84,0.65,0.00
18.85,0.66,0.00
18.86,0.66,0.00
18.87,0.66,0.00
18.88,0.66,0.00
18.89,0.67,0.00
18.90,0.67,0.00
18.91,0.67,0.00
18.92,0.68,0.00
18.93,0.68,0.00
18.94,0.68,0.00
18.95,0.68,0.00
18.96,0.69,0.00
18.97,0.69,0.00
18.97,0.69,0.00
18.98,0.69,0.00
18.99,0.70,0.00
19.00,0.70,0.00
19.01,0.70,0.00
19.02,0.71,0.00
19.03,0.71,0.00
19.04,0.71,0.00
19.05,0.71,0.00
19.06,0.72,0.00
19.07,0.72,0.00
19.08,0.72,0.00
19.09,0.72,0.00
19.10,0.73,0.00
19.11,0.73,0.00
19.11,0.73,0.00
19.12,0.73,0.00
19.13,0.74,0.00
19.14,0.74,0.00
19.15,0.74,0.00
19.16,0.74,0.00
19.17,0.75,0.00
19.18,0.75,0.00
19.19,0.75,0.00
19.20,0.75,0.00
19.21,0.76,0.00
19.22,0.76,0.00
19.23,0.76,0.00
19.24,0.76,0.00
19.25,0.77,0.00
19.26,0.77,0.00
19.27,0.77,0.00
19.27,0.77,0.00
19.28,0.77,0.00
19.29,0.78,0.00
19.30,0.78,0.00
19.31,0.78,0.00
19.32,0.78,0.00
19.33,0.79,0.00
19.34,0.79,0.00
19.35,0.79,0.00
19.36,0.79,0.00
19.37,0.79,0.00
19.38,0.80,0.00
19.39,0.80,0.00
19.40,0.80,0.00
19.41,0.80,0.00
19.42,0.80,0.00
19.43,0.81,0.00
19.44,0.81,0.00
19.45,0.81,0.00
19.45,0.81,0.00
19.46,0.81,0.00
19.47,0.82,0.00
19.48,0.82,0.00
19.49,0.82,0.00
19.50,0.82,0.00
19.51,0.82,0.00
19.52,0.83,0.00
19.53,0.83,0.00
19.54,0.83,0.00
19.55,0.83,0.00
19.56,0.83,0.00
19.57,0.84,0.00
19.58,0.84,0.00
19.59,0.84,0.00
19.60,0.84,0.00
19.61,0.84,0.00
19.62,0.84,0.00
19.63,0.85,0.00
19.64,0.85,0.00
19.65,0.85,0.00
19.66,0.85,0.00
19.66,0.85,0.00
19.67,0.85,0.00
19.68,0.86,0.00
19.69,0.86,0.00
19.70,0.86,0.00
19.71,0.86,0.00
19.72,0.86,0.00
19.73,0.86,0.00
19.74,0.86,0.00
19.75,0.87,0.00
19.76,0.87,0.00
19.77,0.87,0.00
19.78,0.87,0.00
19.79,0.87,0.00
19.80,0.87,0.00
19.81,0.88,0.00
19.82,0.88,0.00
19.83,0.88,0.00
19.84,0.88,0.00
19.85,0.88,0.00
19.86,0.88,0.00
19.87,0.88,0.00
19.88,0.88,0.00
19.89,0.89,0.00
19.90,0.89,0.00
19.90,0.89,0.00
19.91,0.89,0.00
19.92,0.89,0.00
19.93,0.89,0.00
19.94,0.89,0.00
19.95,0.89,0.00
19.96,0.90,0.00
19.97,0.90,0.00
19.98,0.90,0.00
19.99,0.90,0.00
20.00,0.90,0.00
20.01,0.90,0.00
20.02,0.90,0.00
20.03,0.90,0.00
20.04,0.90,0.00
20.05,0.91,0.00
20.06,0.91,0.00
20.07,0.91,0.00
20.08,0.91,0.00
20.09,0.91,0.00
20.10,0.91,0.00
20.11,0.91,0.00
20.12,0.91,0.00
20.13,0.91,0.00
20.14,0.91,0.00
20.15,0.91,0.00
20.16,0.92,0.00
20.17,0.92,0.00
20.18,0.92,0.00
20.19,0.92,0.00
20.19,0.92,0.00
20.20,0.92,0.00
20.21,0.92,0.00
20.22,0.92,0.00
20.23,0.92,0.00
20.24,0.92,0.00
20.25,0.92,0.00
20.26,0.92,0.00
20.27,0.92,0.00
20.28,0.93,0.00
20.29,0.93,0.00
20.30,0.93,0.00
20.31,0.93,0.00
20.32,0.93,0.00
20.33,0.93,0.00
20.34,0.93,0.00
20.35,0.93,0.00
20.36,0.93,0.00
20.37,0.93,0.00
20.38,0.93,0.00
20.39,0.93,0.00
20.40,0.93,0.00
20.41,0.93,0.00
20.42,0.93,0.00
20.43,0.93,0.00
20.44,0.93,0.00
20.45,0.93,0.00
20.46,0.93,0.00
20.47,0.93,0.00
20.48,0.93,0.00
20.49,0.93,0.00
20.50,0.94,0.00
20.51,0.94,0.00
20.51,0.94,0.00
20.52,0.94,0.00
20.53,0.94,0.00
20.54,0.94,0.00
20.55,0.94,0.00
20.56,0.94,0.00
20.57,0.94,0.00
20.58,0.94,0.00
20.59,0.94,0.00
20.60,0.94,0.00
20.61,0.94,0.00
20.62,0.94,0.00
20.63,0.94,0.00
20.64,0.94,0.00
20.65,0.94,0.00
20.66,0.94,0.00
20.67,0.94,0.00
20.68,0.94,0.00
20.69,0.94,0.00
20.70,0.94,0.00
20.71,0.94,0.00
20.72,0.94,0.00
20.73,0.94,0.00
20.74,0.94,0.00
20.75,0.94,0.00
20.76,0.94,0.00
20.77,0.94,0.00
20.78,0.94,0.00
20.79,0.94,0.00
20.80,0.94,0.00
20.81,0.94,0.00
20.82,0.94,0.00
20.83,0.94,0.00
20.84,0.94,0.00
20.85,0.94,0.00
20.85,0.93,0.00
20.86,0.93,0.00
20.87,0.93,0.00
20.88,0.93,0.00
20.89,0.93,0.00
20.90,0.93,0.00
20.91,0.93,0.00
20.92,0.93,0.00
20.93,0.93,0.00
20.94,0.93,0.00
20.95,0.93,0.00
20.96,0.93,0.00
20.97,0.93,0.00
20.98,0.93,0.00
20.99,0.93,0.00
21.00,0.93,0.00
21.01,0.93,0.00
21.02,0.93,0.00
21.03,0.93,0.00
21.04,0.93,0.00
21.05,0.93,0.00
21.06,0.93,0.00
21.07,0.92,0.00
21.08,0.92,0.00
21.09,0.92,0.00
21.10,0.92,0.00
21.11,0.92,0.00
21.12,0.92,0.00
21.13,0.92,0.00
21.14,0.92,0.00
21.15,0.92,0.00
21.16,0.92,0.00
21.17,0.92,0.00
21.17,0.92,0.00
21.18,0.92,0.00
21.19,0.92,0.00
21.20,0.91,0.00
21.21,0.91,0.00
21.22,0.91,0.00
21.23,0.91,0.00
21.24,0.91,0.00
21.25,0.91,0.00
21.26,0.91,0.00
21.27,0.91,0.00
21.28,0.91,0.00
21.29,0.91,0.00
21.30,0.91,0.00
21.31,0.90,0.00
21.32,0.90,0.00
21.33,0.90,0.00
21.34,0.90,0.00
21.35,0.90,0.00
21.36,0.90,0.00
21.37,0.90,0.00
21.38,0.90,0.00
21.39,0.90,0.00
21.40,0.90,0.00
21.41,0.89,0.00
21.42,0.89,0.00
21.43,0.89,0.00
21.44,0.89,0.00
21.45,0.89,0.00
21.46,0.89,0.00
21.46,0.89,0.00
21.47,0.89,0.00
21.48,0.88,0.00
21.49,0.88,0.00
21.50,0.88,0.00
21.51,0.88,0.00
21.52,0.88,0.00
21.53,0.88,0.00
21.54,0.88,0.00
21.55,0.88,0.00
21.56,0.87,0.00
21.57,0.87,0.00
21.58,0.87,0.00
21.59,0.87,0.00
21.60,0.87,0.00
21.61,0.87,0.00
21.62,0.87,0.00
21.63,0.86,0.00
21.64,0.86,0.00
21.65,0.86,0.00
21.66,0.86,0.00
21.67,0.86,0.00
21.68,0.86,0.00
21.69,0.86,0.00
21.70,0.85,0.00
21.71,0.85,0.00
21.71,0.85,0.00
21.72,0.85,0.00
21.73,0.85,0.00
21.74,0.85,0.00
21.75,0.84,0.00
21.76,0.84,0.00
21.77,0.84,0.00
21.78,0.84,0.00
21.79,0.84,0.00
21.80,0.84,0.00
21.81,0.84,0.00
21.82,0.83,0.00
21.83,0.83,0.00
21.84,0.83,0.00
21.85,0.83,0.00
21.86,0.83,0.00
21.87,0.82,0.00
21.88,0.82,0.00
21.89,0.82,0.00
21.90,0.82,0.00
21.91,0.82,0.00
21.92,0.82,0.00
21.93,0.81,0.00
21.93,0.81,0.00
21.94,0.81,0.00
21.95,0.81,0.00
21.96,0.81,0.00
21.97,0.80,0.00
21.98,0.80,0.00
21.99,0.80,0.00
22.00,0.80,0.00
22.01,0.80,0.00
22.02,0.79,0.00
22.03,0.79,0.00
22.04,0.79,0.00
22.05,0.79,0.00
22.06,0.79,0.00
22.07,0.78,0.00
22.08,0.78,0.00
22.09,0.78,0.00
22.10,0.78,0.00
22.11,0.78,0.00
22.12,0.77,0.00
22.12,0.77,0.00
22.13,0.77,0.00
22.14,0.77,0.00
22.15,0.77,0.00
22.16,0.76,0.00
22.17,0.76,0.00
22.18,0.76,0.00
22.19,0.76,0.00
22.20,0.76,0.00
22.21,0.75,0.00
22.22,0.75,0.00
22.23,0.75,0.00
22.24,0.75,0.00
22.25,0.74,0.00
22.26,0.74,0.00
22.27,0.74,0.00
22.28,0.74,0.00
22.29,0.74,0.00
22.30,0.73,0.00
22.30,0.73,0.00
22.31,0.73,0.00
22.32,0.73,0.00
22.33,0.72,0.00
22.34,0.72,0.00
22.35,0.72,0.00
22.36,0.72,0.00
22.37,0.71,0.00
22.38,0.71,0.00
22.39,0.71,0.00
22.40,0.71,0.00
22.41,0.70,0.00
22.42,0.70,0.00
22.43,0.70,0.00
22.44,0.70,0.00
22.45,0.69,0.00
22.46,0.69,0.00
22.46,0.69,0.00
22.47,0.69,0.00
22.48,0.68,0.00
22.49,0.68,0.00
22.50,0.68,0.00
22.51,0.68,0.00
22.52,0.67,0.00
22.53,0.67,0.00
22.54,0.67,0.00
22.55,0.67,0.00
22.56,0.66,0.00
22.57,0.66,0.00
22.58,0.66,0.00
22.59,0.66,0.00
22.60,0.65,0.00
22.60,0.65,0.00
22.61,0.65,0.00
22.62,0.65,0.00
22.63,0.64,0.00
22.64,0.64,0.00
22.65,0.64,0.00
22.66,0.63,0.00
22.67,0.63,0.00
22.68,0.63,0.00
22.69,0.63,0.00
22.70,0.62,0.00
22.71,0.62,0.00
22.72,0.62,0.00
22.73,0.61,0.00
22.74,0.61,0.00
22.74,0.61,0.00
22.75,0.61,0.00
22.76,0.60,0.00
22.77,0.60,0.00
22.78,0.60,0.00
22.79,0.59,0.00
22.80,0.59,0.00
22.81,0.59,0.00
22.82,0.59,0.00
22.83,0.58,0.00
22.84,0.58,0.00
22.85,0.58,0.00
22.86,0.57,0.00
22.87,0.57,0.00
22.87,0.57,0.00
22.88,0.57,0.00
22.89,0.56,0.00
22.90,0.56,0.00
22.91,0.56,0.00
22.92,0.55,0.00
22.93,0.55,0.00
22.94,0.55,0.00
22.95,0.54,0.00
22.96,0.54,0.00
22.97,0.54,0.00
22.98,0.54,0.00
22.99,0.53,0.00
22.99,0.53,0.00
23.00,0.53,0.00
23.01,0.52,0.00
23.02,0.52,0.00
23.03,0.52,0.00
23.04,0.51,0.00
23.05,0.51,0.00
23.06,0.51,0.00
23.07,0.50,0.00
23.08,0.50,0.00
23.09,0.50,0.00
23.10,0.49,0.00
23.10,0.49,0.00
23.11,0.49,0.00
23.12,0.49,0.00
23.13,0.48,0.00
23.14,0.48,0.00
23.15,0.48,0.00
23.16,0.47,0.00
23.17,0.47,0.00
23.18,0.47,0.00
23.19,0.46,0.00
23.20,0.46,0.00
23.21,0.46,0.00
23.21,0.45,0.00
23.22,0.45,0.00
23.23,0.45,0.00
23.24,0.44,0.00
23.25,0.44,0.00
23.26,0.44,0.00
23.27,0.43,0.00
23.28,0.43,0.00
23.29,0.43,0.00
23.30,0.42,0.00
23.31,0.42,0.00
23.31,0.42,0.00
23.32,0.41,0.00
23.33,0.41,0.00
23.34,0.41,0.00
23.35,0.40,0.00
23.36,0.40,0.00
23.37,0.40,0.00
23.38,0.39,0.00
23.39,0.39,0.00
23.40,0.38,0.00
23.41,0.38,0.00
23.41,0.38,0.00
23.42,0.37,0.00
23.43,0.37,0.00
23.44,0.37,0.00
23.45,0.36,0.00
23.46,0.36,0.00
23.47,0.36,0.00
23.48,0.35,0.00
23.49,0.35,0.00
23.50,0.35,0.00
23.51,0.34,0.00
23.51,0.34,0.00
23.52,0.34,0.00
23.53,0.33,0.00
23.54,0.33,0.00
23.55,0.32,0.00
23.56,0.32,0.00
23.57,0.32,0.00
23.58,0.31,0.00
23.59,0.31,0.00
23.60,0.31,0.00
23.60,0.30,0.00
23.61,0.30,0.00
23.62,0.30,0.00
23.63,0.29,0.00
23.64,0.29,0.00
23.65,0.28,0.00
23.66,0.28,0.00
23.67,0.28,0.00
23.68,0.27,0.00
23.69,0.27,0.00
23.69,0.27,0.00
23.70,0.26,0.00
23.71,0.26,0.00
23.72,0.25,0.00
23.73,0.25,0.00
23.74,0.25,0.00
23.75,0.24,0.00
23.76,0.24,0.00
23.77,0.24,0.00
23.78,0.23,0.00
23.78,0.23,0.00
23.79,0.22,0.00
23.80,0.22,0.00
23.81,0.22,0.00
23.82,0.21,0.00
23.83,0.21,0.00
23.84,0.21,0.00
23.85,0.20,0.00
23.86,0.20,0.00
23.86,0.19,0.00
23.87,0.19,0.00
23.88,0.19,0.00
23.89,0.18,0.00
23.90,0.18,0.00
23.91,0.17,0.00
23.92,0.17,0.00
23.93,0.17,0.00
23.94,0.16,0.00
23.94,0.16,0.00
23.95,0.16,0.00
23.96,0.15,0.00
23.97,0.15,0.00
23.98,0.14,0.00
23.99,0.14,0.00
24.00,0.14,0.00
24.01,0.13,0.00
24.02,0.13,0.00
24.02,0.12,0.00
24.03,0.12,0.00
24.04,0.12,0.00
24.05,0.11,0.00
24.06,0.11,0.00
24.07,0.10,0.00
24.08,0.10,0.00
24.09,0.10,0.00
24.10,0.09,0.00
24.10,0.09,0.00
24.11,0.08,0.00
24.12,0.08,0.00
24.13,0.08,0.00
24.14,0.07,0.00
24.15,0.07,0.00
24.16,0.06,0.00
24.17,0.06,0.00
24.17,0.06,0.00
24.18,0.05,0.00
24.19,0.05,0.00
24.20,0.04,0.00
24.21,0.04,0.00
24.22,0.03,0.00
24.23,0.03,0.00
24.24,0.03,0.00
24.25,0.02,0.00
24.25,0.02,0.00
24.26,0.01,0.00
24.27,0.01,0.00
24.28,0.01,0.00
24.29,0.00,0.00
24.30,-0.00,0.00
24.31,-0.01,0.00
24.32,-0.01,0.00
24.32,-0.01,0.00
24.33,-0.02,0.00
24.34,-0.02,0.00
24.35,-0.03,0.00
24.36,-0.03,0.00
24.37,-0.04,0.00
24.38,-0.04,0.00
24.39,-0.04,0.00
24.39,-0.05,0.00
24.40,-0.05,0.00
24.41,-0.06,0.00
24.42,-0.06,0.00
24.43,-0.07,0.00
24.44,-0.07,0.00
24.45,-0.07,0.00
24.46,-0.08,0.00
24.46,-0.08,0.00
24.47,-0.09,0.00
24.48,-0.09,0.00
24.49,-0.10,0.00
24.50,-0.10,0.00
24.51,-0.10,0.00
24.52,-0.11,0.00
24.53,-0.11,0.00
24.53,-0.12,0.00
24.54,-0.12,0.00
24.55,-0.13,0.00
24.56,-0.13,0.00
24.57,-0.13,0.00
24.58,-0.14,0.00
24.59,-0.14,0.00
24.60,-0.15,0.00
24.60,-0.15,0.00
24.61,-0.16,0.00
24.62,-0.16,0.00
24.63,-0.16,0.00
24.64,-0.17,0.00
24.65,-0.17,0.00
24.66,-0.18,0.00
24.66,-0.18,0.00
24.67,-0.19,0.00
24.68,-0.19,0.00
24.69,-0.19,0.00
24.70,-0.20,0.00
24.71,-0.20,0.00
24.72,-0.21,0.00
24.73,-0.21,0.00
24.73,-0.22,0.00
24.74,-0.22,0.00
24.75,-0.23,0.00
24.76,-0.23,0.00
24.77,-0.23,0.00
24.78,-0.24,0.00
24.79,-0.24,0.00
24.79,-0.25,0.00
24.80,-0.25,0.00
24.81,-0.26,0.00
24.82,-0.26,0.00
24.83,-0.26,0.00
24.84,-0.27,0.00
24.85,-0.27,0.00
24.86,-0.28,0.00
24.86,-0.28,0.00
24.87,-0.29,0.00
24.88,-0.29,0.00
24.89,-0.30,0.00
24.90,-0.30,0.00
24.91,-0.31,0.00
24.92,-0.31,0.00
24.92,-0.31,0.00
24.93,-0.32,0.00
24.94,-0.32,0.00
24.95,-0.33,0.00
24.96,-0.33,0.00
24.97,-0.34,0.00
24.98,-0.34,0.00
24.98,-0.35,0.00
24.99,-0.35,0.00
25.00,-0.35,0.00
25.01,-0.36,0.00
25.02,-0.36,0.00
25.03,-0.37,0.00
25.04,-0.37,0.00
25.04,-0.38,0.00
25.05,-0.38,0.00
25.06,-0.39,0.00
25.07,-0.39,0.00
25.08,-0.40,0.00
25.09,-0.40,0.00
25.10,-0.40,0.00
25.10,-0.41,0.00
25.11,-0.41,0.00
25.12,-0.42,0.00
25.13,-0.42,0.00
25.14,-0.43,0.00
25.15,-0.43,0.00
25.16,-0.44,0.00
25.16,-0.44,0.00
25.17,-0.45,0.00
25.18,-0.45,0.00
25.19,-0.45,0.00
25.20,-0.46,0.00
25.21,-0.46,0.00
25.22,-0.47,0.00
25.22,-0.47,0.00
25.23,-0.48,0.00
25.24,-0.48,0.00
25.25,-0.49,0.00
25.26,-0.49,0.00
25.27,-0.50,0.00
25.28,-0.50,0.00
25.28,-0.51,0.00
25.29,-0.51,0.00
25.30,-0.51,0.00
25.31,-0.52,0.00
25.32,-0.52,0.00
25.33,-0.53,0.00
25.34,-0.53,0.00
25.34,-0.54,0.00
25.35,-0.54,0.00
25.36,-0.55,0.00
25.37,-0.55,0.00
25.38,-0.56,0.00
25.39,-0.56,0.00
25.40,-0.57,0.00
25.40,-0.57,0.00
25.41,-0.58,0.00
25.42,-0.58,0.00
25.43,-0.58,0.00
25.44,-0.59,0.00
25.45,-0.59,0.00
25.46,-0.60,0.00
25.46,-0.60,0.00
25.47,-0.61,0.00
25.48,-0.61,0.00
25.49,-0.62,0.00
25.50,-0.62,0.00
25.51,-0.63,0.00
25.51,-0.63,0.00
25.52,-0.64,0.00
25.53,-0.64,0.00
25.54,-0.65,0.00
25.55,-0.65,0.00
25.56,-0.65,0.00
25.57,-0.66,0.00
25.57,-0.66,0.00
25.58,-0.67,0.00
25.59,-0.67,0.00
25.60,-0.68,0.00
25.61,-0.68,0.00
25.62,-0.69,0.00
25.63,-0.69,0.00
25.63,-0.70,0.00
25.64,-0.70,0.00
25.65,-0.71,0.00
25.66,-0.71,0.00
25.67,-0.72,0.00
25.68,-0.72,0.00
25.68,-0.73,0.00
25.69,-0.73,0.00
25.70,-0.73,0.00
25.71,-0.74,0.00
25.72,-0.74,0.00
25.73,-0.75,0.00
25.74,-0.75,0.00
25.74,-0.76,0.00
25.75,-0.76,0.00
25.76,-0.77,0.00
25.77,-0.77,0.00
25.78,-0.78,0.00
25.79,-0.78,0.00
25.79,-0.79,0.00
25.80,-0.79,0.00
25.81,-0.80,0.00
25.82,-0.80,0.00
25.83,-0.81,0.00
25.84,-0.81,0.00
25.85,-0.82,0.00
25.85,-0.82,0.00
25.86,-0.83,0.00
25.87,-0.83,0.00
25.88,-0.83,0.00
25.89,-0.84,0.00
25.90,-0.84,0.00
25.90,-0.85,0.00
25.91,-0.85,0.00
25.92,-0.86,0.00
25.93,-0.86,0.00
25.94,-0.87,0.00
25.95,-0.87,0.00
25.96,-0.88,0.00
25.96,-0.88,0.00
25.97,-0.89,0.00
25.98,-0.89,0.00
25.99,-0.90,0.00
26.00,-0.90,0.00
26.01,-0.91,0.00
26.01,-0.91,0.00
26.02,-0.92,0.00
26.03,-0.92,0.00
26.04,-0.93,0.00
26.05,-0.93,0.00
26.06,-0.94,0.00
26.07,-0.94,0.00
26.07,-0.94,0.00
26.08,-0.95,0.00
26.09,-0.95,0.00
26.10,-0.96,0.00
26.11,-0.96,0.00
26.12,-0.97,0.00
26.12,-0.97,0.00
26.13,-0.98,0.00
26.14,-0.98,0.00
26.15,-0.99,0.00
26.16,-0.99,0.00
26.17,-1.00,0.00
26.18,-1.00,0.00
26.18,-1.01,0.00
26.19,-1.01,0.00
26.20,-1.02,0.00
26.21,-1.02,0.00
26.22,-1.03,0.00
26.23,-1.03,0.00
26.23,-1.04,0.00
26.24,-1.04,0.00
26.25,-1.05,0.00
26.26,-1.05,0.00
26.27,-1.06,0.00
26.28,-1.06,0.00
26.29,-1.06,0.00
26.29,-1.07,0.00
26.30,-1.07,0.00
26.31,-1.08,0.00
26.32,-1.08,0.00
26.33,-1.09,0.00
26.34,-1.09,0.00
26.34,-1.10,0.00
26.35,-1.10,0.00
26.36,-1.11,0.00
26.37,-1.11,0.00
26.38,-1.12,0.00
26.39,-1.12,0.00
26.39,-1.13,0.00
26.40,-1.13,0.00
26.41,-1.14,0.00
26.42,-1.14,0.00
26.43,-1.15,0.00
26.44,-1.15,0.00
26.45,-1.16,0.00
26.45,-1.16,0.00
26.46,-1.17,0.00
26.47,-1.17,0.00
26.48,-1.18,0.00
26.49,-1.18,0.00
26.50,-1.19,0.00
26.50,-1.19,0.00
26.51,-1.19,0.00
26.52,-1.20,0.00
26.53,-1.20,0.00
26.54,-1.21,0.00
26.55,-1.21,0.00
26.56,-1.22,0.00
26.56,-1.22,0.00
26.57,-1.23,0.00
26.58,-1.23,0.00
26.59,-1.24,0.00
26.60,-1.24,0.00
26.61,-1.25,0.00
26.61,-1.25,0.00
26.62,-1.26,0.00
26.63,-1.26,0.00
26.64,-1.27,0.00
26.65,-1.27,0.00
26.66,-1.28,0.00
26.66,-1.28,0.00
26.67,-1.29,0.00
26.68,-1.29,0.00
26.69,-1.30,0.00
26.70,-1.30,0.00
26.71,-1.31,0.00
26.72,-1.31,0.00
26.72,-1.31,0.00
26.73,-1.32,0.00
26.74,-1.32,0.00
26.75,-1.33,0.00
26.76,-1.33,0.00
26.77,-1.34,0.00
26.77,-1.34,0.00
26.78,-1.35,0.00
26.79,-1.35,0.00
26.80,-1.36,0.00
26.81,-1.36,0.00
26.82,-1.37,0.00
26.83,-1.37,0.00
26.83,-1.38,0.00
26.84,-1.38,0.00
26.85,-1.39,0.00
26.86,-1.39,0.00
26.87,-1.40,0.00
26.88,-1.40,0.00
26.88,-1.41,0.00
26.89,-1.41,0.00
26.90,-1.42,0.00
26.91,-1.42,0.00
26.92,-1.42,0.00
26.93,-1.43,0.00
26.94,-1.43,0.00
26.94,-1.44,0.00
26.95,-1.44,0.00
26.96,-1.45,0.00
26.97,-1.45,0.00
26.98,-1.46,0.00
26.99,-1.46,0.00
26.99,-1.47,0.00
27.00,-1.47,0.00
27.01,-1.48,0.00
27.02,-1.48,0.00
27.03,-1.49,0.00
27.04,-1.49,0.00
27.05,-1.50,0.00
27.05,-1.50,0.00
27.06,-1.51,0.00
27.07,-1.51,0.00
27.08,-1.51,0.00
27.09,-1.52,0.00
27.10,-1.52,0.00
27.11,-1.53,0.00
27.11,-1.53,0.00
27.12,-1.54,0.00
27.13,-1.54,0.00
27.14,-1.55,0.00
27.15,-1.55,0.00
27.16,-1.56,0.00
27.16,-1.56,0.00
27.17,-1.57,0.00
27.18,-1.57,0.00
27.19,-1.58,0.00
27.20,-1.58,0.00
27.21,-1.59,0.00
27.22,-1.59,0.00
27.22,-1.60,0.00
27.23,-1.60,0.00
27.24,-1.60,0.00
27.25,-1.61,0.00
27.26,-1.61,0.00
27.27,-1.62,0.00
27.28,-1.62,0.00
27.28,-1.63,0.00
27.29,-1.63,0.00
27.30,-1.64,0.00
27.31,-1.64,0.00
27.32,-1.65,0.00
27.33,-1.65,0.00
27.33,-1.66,0.00
27.34,-1.66,0.00
27.35,-1.67,0.00
27.36,-1.67,0.00
27.37,-1.67,0.00
27.38,-1.68,0.00
27.39,-1.68,0.00
27.39,-1.69,0.00
27.40,-1.69,0.00
27.41,-1.70,0.00
27.42,-1.70,0.00
27.43,-1.71,0.00
27.44,-1.71,0.00
27.45,-1.72,0.00
27.45,-1.72,0.00
27.46,-1.73,0.00
27.47,-1.73,0.00
27.48,-1.73,0.00
27.49,-1.74,0.00
27.50,-1.74,0.00
27.51,-1.75,0.00
27.51,-1.75,0.00
27.52,-1.76,0.00
27.53,-1.76,0.00
27.54,-1.77,0.00
27.55,-1.77,0.00
27.56,-1.78,0.00
27.57,-1.78,0.00
27.57,-1.78,0.00
27.58,-1.79,0.00
27.59,-1.79,0.00
27.60,-1.80,0.00
27.61,-1.80,0.00
27.62,-1.81,0.00
27.63,-1.81,0.00
27.63,-1.82,0.00
27.64,-1.82,0.00
27.65,-1.82,0.00
27.66,-1.83,0.00
27.67,-1.83,0.00
27.68,-1.84,0.00
27.69,-1.84,0.00
27.70,-1.85,0.00
27.70,-1.85,0.00
27.71,-1.86,0.00
27.72,-1.86,0.00
27.73,-1.86,0.00
27.74,-1.87,0.00
27.75,-1.87,0.00
27.76,-1.88,0.00
27.76,-1.88,0.00
27.77,-1.89,0.00
27.78,-1.89,0.00
27.79,-1.89,0.00
27.80,-1.90,0.00
27.81,-1.90,0.00
27.82,-1.91,0.00
27.83,-1.91,0.00
27.83,-1.92,0.00
27.84,-1.92,0.00
27.85,-1.92,0.00
27.86,-1.93,0.00
27.87,-1.93,0.00
27.88,-1.94,0.00
27.89,-1.94,0.00
27.90,-1.95,0.00
27.90,-1.95,0.00
27.91,-1.95,0.00
27.92,-1.96,0.00
27.93,-1.96,0.00
27.94,-1.97,0.00
27.95,-1.97,0.00
27.96,-1.97,0.00
27.97,-1.98,0.00
27.97,-1.98,0.00
27.98,-1.99,0.00
27.99,-1.99,0.00
28.00,-2.00,0.00
28.01,-2.00,0.00
28.02,-2.00,0.00
28.03,-2.01,0.00
28.04,-2.01,0.00
28.05,-2.02,0.00
28.05,-2.02,0.00
28.06,-2.02,0.00
28.07,-2.03,0.00
28.08,-2.03,0.00
28.09,-2.04,0.00
28.10,-2.04,0.00
28.11,-2.04,0.00
28.12,-2.05,0.00
28.12,-2.05,0.00
28.13,-2.06,0.00
28.14,-2.06,0.00
28.15,-2.06,0.00
28.16,-2.07,0.00
28.17,-2.07,0.00
28.18,-2.08,0.00
28.19,-2.08,0.00
28.20,-2.08,0.00
28.20,-2.09,0.00
28.21,-2.09,0.00
28.22,-2.09,0.00
28.23,-2.10,0.00
28.24,-2.10,0.00
28.25,-2.11,0.00
28.26,-2.11,0.00
28.27,-2.11,0.00
28.28,-2.12,0.00
28.29,-2.12,0.00
28.29,-2.13,0.00
28.30,-2.13,0.00
28.31,-2.13,0.00
28.32,-2.14,0.00
28.33,-2.14,0.00
28.34,-2.14,0.00
28.35,-2.15,0.00
28.36,-2.15,0.00
28.37,-2.15,0.00
28.38,-2.16,0.00
28.38,-2.16,0.00
28.39,-2.17,0.00
28.40,-2.17,0.00
28.41,-2.17,0.00
28.42,-2.18,0.00
28.43,-2.18,0.00
28.44,-2.18,0.00
28.45,-2.19,0.00
28.46,-2.19,0.00
28.47,-2.19,0.00
28.47,-2.20,0.00
28.48,-2.20,0.00
28.49,-2.20,0.00
28.50,-2.21,0.00
28.51,-2.21,0.00
28.52,-2.21,0.00
28.53,-2.22,0.00
28.54,-2.22,0.00
28.55,-2.22,0.00
28.56,-2.23,0.00
28.57,-2.23,0.00
28.57,-2.23,0.00
28.58,-2.24,0.00
28.59,-2.24,0.00
28.60,-2.24,0.00
28.61,-2.25,0.00
28.62,-2.25,0.00
28.63,-2.25,0.00
28.64,-2.26,0.00
28.65,-2.26,0.00
28.66,-2.26,0.00
28.67,-2.27,0.00
28.68,-2.27,0.00
28.68,-2.27,0.00
28.69,-2.28,0.00
28.70,-2.28,0.00
28.71,-2.28,0.00
28.72,-2.29,0.00
28.73,-2.29,0.00
28.74,-2.29,0.00
28.75,-2.30,0.00
28.76,-2.30,0.00
28.77,-2.30,0.00
28.78,-2.30,0.00
28.79,-2.31,0.00
28.80,-2.31,0.00
28.80,-2.31,0.00
28.81,-2.32,0.00
28.82,-2.32,0.00
28.83,-2.32,0.00
28.84,-2.33,0.00
28.85,-2.33,0.00
28.86,-2.33,0.00
28.87,-2.33,0.00
28.88,-2.34,0.00
28.89,-2.34,0.00
28.90,-2.34,0.00
28.91,-2.34,0.00
28.92,-2.35,0.00
28.93,-2.35,0.00
28.93,-2.35,0.00
28.94,-2.36,0.00
28.95,-2.36,0.00
28.96,-2.36,0.00
28.97,-2.36,0.00
28.98,-2.37,0.00
28.99,-2.37,0.00
29.00,-2.37,0.00
29.01,-2.37,0.00
29.02,-2.38,0.00
29.03,-2.38,0.00
29.04,-2.38,0.00
29.05,-2.38,0.00
29.06,-2.39,0.00
29.07,-2.39,0.00
29.08,-2.39,0.00
29.08,-2.39,0.00
29.09,-2.40,0.00
29.10,-2.40,0.00
29.11,-2.40,0.00
29.12,-2.40,0.00
29.13,-2.41,0.00
29.14,-2.41,0.00
29.15,-2.41,0.00
29.16,-2.41,0.00
29.17,-2.41,0.00
29.18,-2.42,0.00
29.19,-2.42,0.00
29.20,-2.42,0.00
29.21,-2.42,0.00
29.22,-2.43,0.00
29.23,-2.43,0.00
29.24,-2.43,0.00
29.25,-2.43,0.00
29.25,-2.43,0.00
29.26,-2.44,0.00
29.27,-2.44,0.00
29.28,-2.44,0.00
29.29,-2.44,0.00
29.30,-2.44,0.00
29.31,-2.45,0.00
29.32,-2.45,0.00
29.33,-2.45,0.00
29.34,-2.45,0.00
29.35,-2.45,0.00
29.36,-2.46,0.00
29.37,-2.46,0.00
29.38,-2.46,0.00
29.39,-2.46,0.00
29.40,-2.46,0.00
29.41,-2.46,0.00
29.42,-2.47,0.00
29.43,-2.47,0.00
29.44,-2.47,0.00
29.45,-2.47,0.00
29.46,-2.47,0.00
29.46,-2.47,0.00
29.47,-2.48,0.00
29.48,-2.48,0.00
29.49,-2.48,0.00
29.50,-2.48,0.00
29.51,-2.48,0.00
29.52,-2.48,0.00
29.53,-2.48,0.00
29.54,-2.49,0.00
29.55,-2.49,0.00
29.56,-2.49,0.00
29.57,-2.49,0.00
29.58,-2.49,0.00
29.59,-2.49,0.00
29.60,-2.49,0.00
29.61,-2.49,0.00
29.62,-2.50,0.00
29.63,-2.50,0.00
29.64,-2.50,0.00
29.65,-2.50,0.00
29.66,-2.50,0.00
29.67,-2.50,0.00
29.68,-2.50,0.00
29.69,-2.50,0.00
29.70,-2.50,0.00
29.71,-2.51,0.00
29.72,-2.51,0.00
29.72,-2.51,0.00
29.73,-2.51,0.00
29.74,-2.51,0.00
29.75,-2.51,0.00
29.76,-2.51,0.00
29.77,-2.51,0.00
29.78,-2.51,0.00
29.79,-2.51,0.00
29.80,-2.51,0.00
29.81,-2.51,0.00
29.82,-2.52,0.00
29.83,-2.52,0.00
29.84,-2.52,0.00
29.85,-2.52,0.00
29.86,-2.52,0.00
29.87,-2.52,0.00
29.88,-2.52,0.00
29.89,-2.52,0.00
29.90,-2.52,0.00
29.91,-2.52,0.00
29.92,-2.52,0.00
29.93,-2.52,0.00
29.94,-2.52,0.00
29.95,-2.52,0.00
29.96,-2.52,0.00
29.97,-2.52,0.00
29.98,-2.52,0.00
29.99,-2.52,0.00
30.00,-2.52,0.00
30.01,-2.52,0.00
30.02,-2.52,0.00
30.03,-2.52,0.00
30.04,-2.52,0.00
30.04,-2.52,0.00
30.05,-2.52,0.00
30.06,-2.52,0.00
30.07,-2.52,0.00
30.08,-2.52,0.00
30.09,-2.52,0.00
30.10,-2.52,0.00
30.11,-2.52,0.00
30.12,-2.52,0.00
30.13,-2.52,0.00
30.14,-2.52,0.00
30.15,-2.52,0.00
30.16,-2.52,0.00
30.17,-2.52,0.00
30.18,-2.52,0.00
30.19,-2.52,0.00
30.20,-2.52,0.00
30.21,-2.52,0.00
30.22,-2.52,0.00
30.23,-2.52,0.00
30.24,-2.52,0.00
30.25,-2.52,0.00
30.26,-2.52,0.00
30.27,-2.52,0.00
30.28,-2.52,0.00
30.29,-2.52,0.00
30.30,-2.52,0.00
30.31,-2.52,0.00
30.32,-2.52,0.00
30.33,-2.52,0.00
30.34,-2.52,0.00
30.35,-2.52,0.00
30.36,-2.51,0.00
30.37,-2.51,0.00
30.37,-2.51,0.00
30.38,-2.51,0.00
30.39,-2.51,0.00
30.40,-2.51,0.00
30.41,-2.51,0.00
30.42,-2.51,0.00
30.43,-2.51,0.00
30.44,-2.51,0.00
30.45,-2.51,0.00
30.46,-2.51,0.00
30.47,-2.50,0.00
30.48,-2.50,0.00
30.49,-2.50,0.00
30.50,-2.50,0.00
30.51,-2.50,0.00
30.52,-2.50,0.00
30.53,-2.50,0.00
30.54,-2.50,0.00
30.55,-2.50,0.00
30.56,-2.50,0.00
30.57,-2.49,0.00
30.58,-2.49,0.00
30.59,-2.49,0.00
30.60,-2.49,0.00
30.61,-2.49,0.00
30.62,-2.49,0.00
30.63,-2.49,0.00
30.64,-2.48,0.00
30.65,-2.48,0.00
30.65,-2.48,0.00
30.66,-2.48,0.00
30.67,-2.48,0.00
30.68,-2.48,0.00
30.69,-2.48,0.00
30.70,-2.47,0.00
30.71,-2.47,0.00
30.72,-2.47,0.00
30.73,-2.47,0.00
30.74,-2.47,0.00
30.75,-2.47,0.00
30.76,-2.47,0.00
30.77,-2.46,0.00
30.78,-2.46,0.00
30.79,-2.46,0.00
30.80,-2.46,0.00
30.81,-2.46,0.00
30.82,-2.46,0.00
30.83,-2.45,0.00
30.84,-2.45,0.00
30.85,-2.45,0.00
30.86,-2.45,0.00
30.87,-2.45,0.00
30.87,-2.44,0.00
30.88,-2.44,0.00
30.89,-2.44,0.00
30.90,-2.44,0.00
30.91,-2.44,0.00
30.92,-2.43,0.00
30.93,-2.43,0.00
30.94,-2.43,0.00
30.95,-2.43,0.00
30.96,-2.43,0.00
30.97,-2.42,0.00
30.98,-2.42,0.00
30.99,-2.42,0.00
31.00,-2.42,0.00
31.01,-2.42,0.00
31.02,-2.41,0.00
31.03,-2.41,0.00
31.04,-2.41,0.00
31.05,-2.41,0.00
31.06,-2.40,0.00
31.06,-2.40,0.00
31.07,-2.40,0.00
31.08,-2.40,0.00
31.09,-2.40,0.00
31.10,-2.39,0.00
31.11,-2.39,0.00
31.12,-2.39,0.00
31.13,-2.39,0.00
31.14,-2.38,0.00
31.15,-2.38,0.00
31.16,-2.38,0.00
31.17,-2.38,0.00
31.18,-2.37,0.00
31.19,-2.37,0.00
31.20,-2.37,0.00
31.21,-2.37,0.00
31.21,-2.36,0.00
31.22,-2.36,0.00
31.23,-2.36,0.00
31.24,-2.36,0.00
31.25,-2.35,0.00
31.26,-2.35,0.00
31.27,-2.35,0.00
31.28,-2.34,0.00
31.29,-2.34,0.00
31.30,-2.34,0.00
31.31,-2.34,0.00
31.32,-2.33,0.00
31.33,-2.33,0.00
31.34,-2.33,0.00
31.35,-2.33,0.00
31.35,-2.32,0.00
31.36,-2.32,0.00
31.37,-2.32,0.00
31.38,-2.31,0.00
31.39,-2.31,0.00
31.40,-2.31,0.00
31.41,-2.31,0.00
31.42,-2.30,0.00
31.43,-2.30,0.00
31.44,-2.30,0.00
31.45,-2.29,0.00
31.46,-2.29,0.00
31.47,-2.29,0.00
31.48,-2.28,0.00
31.48,-2.28,0.00
31.49,-2.28,0.00
31.50,-2.28,0.00
31.51,-2.27,0.00
31.52,-2.27,0.00
31.53,-2.27,0.00
31.54,-2.26,0.00
31.55,-2.26,0.00
31.56,-2.26,0.00
31.57,-2.25,0.00
31.58,-2.25,0.00
31.59,-2.25,0.00
31.59,-2.24,0.00
31.60,-2.24,0.00
31.61,-2.24,0.00
31.62,-2.23,0.00
31.63,-2.23,0.00
31.64,-2.23,0.00
31.65,-2.22,0.00
31.66,-2.22,0.00
31.67,-2.22,0.00
31.68,-2.21,0.00
31.69,-2.21,0.00
31.70,-2.21,0.00
31.70,-2.20,0.00
31.71,-2.20,0.00
31.72,-2.20,0.00
31.73,-2.19,0.00
31.74,-2.19,0.00
31.75,-2.19,0.00
31.76,-2.18,0.00
31.77,-2.18,0.00
31.78,-2.18,0.00
31.79,-2.17,0.00
31.80,-2.17,0.00
31.80,-2.17,0.00
31.81,-2.16,0.00
31.82,-2.16,0.00
31.83,-2.16,0.00
31.84,-2.15,0.00
31.85,-2.15,0.00
31.86,-2.15,0.00
31.87,-2.14,0.00
31.88,-2.14,0.00
31.89,-2.14,0.00
31.90,-2.13,0.00
31.90,-2.13,0.00
31.91,-2.12,0.00
31.92,-2.12,0.00
31.93,-2.12,0.00
31.94,-2.11,0.00
31.95,-2.11,0.00
31.96,-2.11,0.00
31.97,-2.10,0.00
31.98,-2.10,0.00
31.99,-2.10,0.00
31.99,-2.09,0.00
32.00,-2.09,0.00
32.01,-2.08,0.00
32.02,-2.08,0.00
32.03,-2.08,0.00
32.04,-2.07,0.00
32.05,-2.07,0.00
32.06,-2.07,0.00
32.07,-2.06,0.00
32.07,-2.06,0.00
32.08,-2.05,0.00
32.09,-2.05,0.00
32.10,-2.05,0.00
32.11,-2.04,0.00
32.12,-2.04,0.00
32.13,-2.03,0.00
32.14,-2.03,0.00
32.15,-2.03,0.00
32.16,-2.02,0.00
32.16,-2.02,0.00
32.17,-2.02,0.00
32.18,-2.01,0.00
32.19,-2.01,0.00
32.20,-2.00,0.00
32.21,-2.00,0.00
32.22,-2.00,0.00
32.23,-1.99,0.00
32.24,-1.99,0.00
32.24,-1.98,0.00
32.25,-1.98,0.00
32.26,-1.98,0.00
32.27,-1.97,0.00
32.28,-1.97,0.00
32.29,-1.96,0.00
32.30,-1.96,0.00
32.31,-1.96,0.00
32.31,-1.95,0.00
32.32,-1.95,0.00
32.33,-1.94,0.00
32.34,-1.94,0.00
32.35,-1.94,0.00
32.36,-1.93,0.00
32.37,-1.93,0.00
32.38,-1.92,0.00
32.39,-1.92,0.00
32.39,-1.91,0.00
32.40,-1.91,0.00
32.41,-1.91,0.00
32.42,-1.90,0.00
32.43,-1.90,0.00
32.44,-1.89,0.00
32.45,-1.89,0.00
32.46,-1.89,0.00
32.46,-1.88,0.00
32.47,-1.88,0.00
32.48,-1.87,0.00
32.49,-1.87,0.00
32.50,-1.87,0.00
32.51,-1.86,0.00
32.52,-1.86,0.00
32.53,-1.85,0.00
32.53,-1.85,0.00
32.54,-1.84,0.00
32.55,-1.84,0.00
32.56,-1.84,0.00
32.57,-1.83,0.00
32.58,-1.83,0.00
32.59,-1.82,0.00
32.60,-1.82,0.00
32.60,-1.81,0.00
32.61,-1.81,0.00
32.62,-1.81,0.00
32.63,-1.80,0.00
32.64,-1.80,0.00
32.65,-1.79,0.00
32.66,-1.79,0.00
32.67,-1.78,0.00
32.67,-1.78,0.00
32.68,-1.78,0.00
32.69,-1.77,0.00
32.70,-1.77,0.00
32.71,-1.76,0.00
32.72,-1.76,0.00
32.73,-1.75,0.00
32.73,-1.75,0.00
32.74,-1.75,0.00
32.75,-1.74,0.00
32.76,-1.74,0.00
32.77,-1.73,0.00
32.78,-1.73,0.00
32.79,-1.72,0.00
32.80,-1.72,0.00
32.80,-1.71,0.00
32.81,-1.71,0.00
32.82,-1.71,0.00
32.83,-1.70,0.00
32.84,-1.70,0.00
32.85,-1.69,0.00
32.86,-1.69,0.00
32.86,-1.68,0.00
32.87,-1.68,0.00
32.88,-1.67,0.00
32.89,-1.67,0.00
32.90,-1.67,0.00
32.91,-1.66,0.00
32.92,-1.66,0.00
32.93,-1.65,0.00
32.93,-1.65,0.00
32.94,-1.64,0.00
32.95,-1.64,0.00
32.96,-1.63,0.00
32.97,-1.63,0.00
32.98,-1.63,0.00
32.99,-1.62,0.00
32.99,-1.62,0.00
33.00,-1.61,0.00
33.01,-1.61,0.00
33.02,-1.60,0.00
33.03,-1.60,0.00
33.04,-1.59,0.00
33.05,-1.59,0.00
33.05,-1.58,0.00
33.06,-1.58,0.00
33.07,-1.58,0.00
33.08,-1.57,0.00
33.09,-1.57,0.00
33.10,-1.56,0.00
33.11,-1.56,0.00
33.11,-1.55,0.00
33.12,-1.55,0.00
33.13,-1.54,0.00
33.14,-1.54,0.00
33.15,-1.53,0.00
33.16,-1.53,0.00
33.17,-1.53,0.00
33.17,-1.52,0.00
33.18,-1.52,0.00
33.19,-1.51,0.00
33.20,-1.51,0.00
33.21,-1.50,0.00
33.22,-1.50,0.00
33.23,-1.49,0.00
33.23,-1.49,0.00
33.24,-1.48,0.00
33.25,-1.48,0.00
33.26,-1.47,0.00
33.27,-1.47,0.00
33.28,-1.47,0.00
33.29,-1.46,0.00
33.29,-1.46,0.00
33.30,-1.45,0.00
33.31,-1.45,0.00
33.32,-1.44,0.00
33.33,-1.44,0.00
33.34,-1.43,0.00
33.35,-1.43,0.00
33.35,-1.42,0.00
33.36,-1.42,0.00
33.37,-1.41,0.00
33.38,-1.41,0.00
33.39,-1.40,0.00
33.40,-1.40,0.00
33.40,-1.40,0.00
33.41,-1.39,0.00
33.42,-1.39,0.00
33.43,-1.38,0.00
33.44,-1.38,0.00
33.45,-1.37,0.00
33.46,-1.37,0.00
33.46,-1.36,0.00
33.47,-1.36,0.00
33.48,-1.35,0.00
33.49,-1.35,0.00
33.50,-1.34,0.00
33.51,-1.34,0.00
33.52,-1.33,0.00
33.52,-1.33,0.00
33.53,-1.33,0.00
33.54,-1.32,0.00
33.55,-1.32,0.00
33.56,-1.31,0.00
33.57,-1.31,0.00
33.57,-1.30,0.00
33.58,-1.30,0.00
33.59,-1.29,0.00
33.60,-1.29,0.00
33.61,-1.28,0.00
33.62,-1.28,0.00
33.63,-1.27,0.00
33.63,-1.27,0.00
33.64,-1.26,0.00
33.65,-1.26,0.00
33.66,-1.25,0.00
33.67,-1.25,0.00
33.68,-1.24,0.00
33.69,-1.24,0.00
33.69,-1.24,0.00
33.70,-1.23,0.00
33.71,-1.23,0.00
33.72,-1.22,0.00
33.73,-1.22,0.00
33.74,-1.21,0.00
33.74,-1.21,0.00
33.75,-1.20,0.00
33.76,-1.20,0.00
33.77,-1.19,0.00
33.78,-1.19,0.00
33.79,-1.18,0.00
33.80,-1.18,0.00
33.80,-1.17,0.00
33.81,-1.17,0.00
33.82,-1.16,0.00
33.83,-1.16,0.00
33.84,-1.15,0.00
33.85,-1.15,0.00
33.85,-1.14,0.00
33.86,-1.14,0.00
33.87,-1.14,0.00
33.88,-1.13,0.00
33.89,-1.13,0.00
33.90,-1.12,0.00
33.91,-1.12,0.00
33.91,-1.11,0.00
33.92,-1.11,0.00
33.93,-1.10,0.00
33.94,-1.10,0.00
33.95,-1.09,0.00
33.96,-1.09,0.00
33.96,-1.08,0.00
33.97,-1.08,0.00
33.98,-1.07,0.00
33.99,-1.07,0.00
34.00,-1.06,0.00
34.01,-1.06,0.00
34.02,-1.05,0.00
34.02,-1.05,0.00
34.03,-1.04,0.00
34.04,-1.04,0.00
34.05,-1.04,0.00
34.06,-1.03,0.00
34.07,-1.03,0.00
34.07,-1.02,0.00
34.08,-1.02,0.00
34.09,-1.01,0.00
34.10,-1.01,0.00
34.11,-1.00,0.00
34.12,-1.00,0.00
34.13,-0.99,0.00
34.13,-0.99,0.00
34.14,-0.98,0.00
34.15,-0.98,0.00
34.16,-0.97,0.00
34.17,-0.97,0.00
34.18,-0.96,0.00
34.18,-0.96,0.00
34.19,-0.95,0.00
34.20,-0.95,0.00
34.21,-0.94,0.00
34.22,-0.94,0.00
34.23,-0.93,0.00
34.24,-0.93,0.00
34.24,-0.92,0.00
34.25,-0.92,0.00
34.26,-0.92,0.00
34.27,-0.91,0.00
34.28,-0.91,0.00
34.29,-0.90,0.00
34.29,-0.90,0.00
34.30,-0.89,0.00
34.31,-0.89,0.00
34.32,-0.88,0.00
34.33,-0.88,0.00
34.34,-0.87,0.00
34.35,-0.87,0.00
34.35,-0.86,0.00
34.36,-0.86,0.00
34.37,-0.85,0.00
34.38,-0.85,0.00
34.39,-0.84,0.00
34.40,-0.84,0.00
34.40,-0.83,0.00
34.41,-0.83,0.00
34.42,-0.82,0.00
34.43,-0.82,0.00
34.44,-0.81,0.00
34.45,-0.81,0.00
34.45,-0.81,0.00
34.46,-0.80,0.00
34.47,-0.80,0.00
34.48,-0.79,0.00
34.49,-0.79,0.00
34.50,-0.78,0.00
34.51,-0.78,0.00
34.51,-0.77,0.00
34.52,-0.77,0.00
34.53,-0.76,0.00
34.54,-0.76,0.00
34.55,-0.75,0.00
34.56,-0.75,0.00
34.57,-0.74,0.00
34.57,-0.74,0.00
34.58,-0.73,0.00
34.59,-0.73,0.00
34.60,-0.72,0.00
34.61,-0.72,0.00
34.62,-0.71,0.00
34.62,-0.71,0.00
34.63,-0.71,0.00
34.64,-0.70,0.00
34.65,-0.70,0.00
34.66,-0.69,0.00
34.67,-0.69,0.00
34.68,-0.68,0.00
34.68,-0.68,0.00
34.69,-0.67,0.00
34.70,-0.67,0.00
34.71,-0.66,0.00
34.72,-0.66,0.00
34.73,-0.65,0.00
34.73,-0.65,0.00
34.74,-0.64,0.00
34.75,-0.64,0.00
34.76,-0.63,0.00
34.77,-0.63,0.00
34.78,-0.63,0.00
34.79,-0.62,0.00
34.79,-0.62,0.00
34.80,-0.61,0.00
34.81,-0.61,0.00
34.82,-0.60,0.00
34.83,-0.60,0.00
34.84,-0.59,0.00
34.84,-0.59,0.00
34.85,-0.58,0.00
34.86,-0.58,0.00
34.87,-0.57,0.00
34.88,-0.57,0.00
34.89,-0.56,0.00
34.90,-0.56,0.00
34.90,-0.55,0.00
34.91,-0.55,0.00
34.92,-0.55,0.00
34.93,-0.54,0.00
34.94,-0.54,0.00
34.95,-0.53,0.00
34.96,-0.53,0.00
34.96,-0.52,0.00
34.97,-0.52,0.00
34.98,-0.51,0.00
34.99,-0.51,0.00
35.00,-0.50,0.00
35.01,-0.50,0.00
35.02,-0.49,0.00
35.02,-0.49,0.00
35.03,-0.48,0.00
35.04,-0.48,0.00
35.05,-0.48,0.00
35.06,-0.47,0.00
35.07,-0.47,0.00
35.07,-0.46,0.00
35.08,-0.46,0.00
35.09,-0.45,0.00
35.10,-0.45,0.00
35.11,-0.44,0.00
35.12,-0.44,0.00
35.13,-0.43,0.00
35.13,-0.43,0.00
35.14,-0.42,0.00
35.15,-0.42,0.00
35.16,-0.41,0.00
35.17,-0.41,0.00
35.18,-0.41,0.00
35.19,-0.40,0.00
35.19,-0.40,0.00
35.20,-0.39,0.00
35.21,-0.39,0.00
35.22,-0.38,0.00
35.23,-0.38,0.00
35.24,-0.37,0.00
35.25,-0.37,0.00
35.25,-0.36,0.00
35.26,-0.36,0.00
35.27,-0.36,0.00
35.28,-0.35,0.00
35.29,-0.35,0.00
17.71,-1.12,0.00
17.72,-1.12,0.00
17.73,-1.11,0.00
17.74,-1.11,0.00
17.75,-1.11,0.00
17.76,-1.10,0.00
17.77,-1.10,0.00
17.78,-1.10,0.00
17.79,-1.10,0.00
17.80,-1.09,0.00
17.81,-1.09,0.00
17.82,-1.09,0.00
17.83,-1.08,0.00
17.84,-1.08,0.00
17.85,-1.08,0.00
17.86,-1.07,0.00
17.87,-1.07,0.00
17.88,-1.07,0.00
17.89,-1.07,0.00
17.90,-1.06,0.00
17.91,-1.06,0.00
17.92,-1.06,0.00
17.93,-1.05,0.00
17.94,-1.05,0.00
17.95,-1.05,0.00
17.96,-1.05,0.00
17.97,-1.04,0.00
17.98,-1.04,0.00
17.99,-1.04,0.00
18.00,-1.03,0.00
18.01,-1.03,0.00
18.02,-1.03,0.00
18.03,-1.03,0.00
18.04,-1.02,0.00
18.05,-1.02,0.00
18.06,-1.02,0.00
18.07,-1.02,0.00
18.08,-1.01,0.00
18.09,-1.01,0.00
18.10,-1.01,0.00
18.11,-1.01,0.00
18.12,-1.00,0.00
18.13,-1.00,0.00
18.14,-1.00,0.00
18.15,-1.00,0.00
18.16,-0.99,0.00
18.17,-0.99,0.00
18.18,-0.99,0.00
18.19,-0.99,0.00
18.20,-0.98,0.00
18.21,-0.98,0.00
18.22,-0.98,0.00
18.23,-0.98,0.00
18.24,-0.97,0.00
18.25,-0.97,0.00
18.27,-0.97,0.00
18.28,-0.97,0.00
18.29,-0.96,0.00
18.30,-0.96,0.00
18.31,-0.96,0.00
18.32,-0.96,0.00
18.33,-0.96,0.00
18.34,-0.95,0.00
18.35,-0.95,0.00
18.36,-0.95,0.00
18.37,-0.95,0.00
18.38,-0.94,0.00
18.39,-0.94,0.00
18.40,-0.94,0.00
18.41,-0.94,0.00
18.42,-0.94,0.00
18.43,-0.93,0.00
18.44,-0.93,0.00
18.45,-0.93,0.00
18.46,-0.93,0.00
18.47,-0.93,0.00
18.48,-0.92,0.00
18.49,-0.92,0.00
18.50,-0.92,0.00
18.51,-0.92,0.00
18.52,-0.92,0.00
18.53,-0.92,0.00
18.54,-0.91,0.00
18.55,-0.91,0.00
18.56,-0.91,0.00
18.57,-0.91,0.00
18.58,-0.91,0.00
18.59,-0.91,0.00
18.60,-0.90,0.00
18.61,-0.90,0.00
18.62,-0.90,0.00
18.63,-0.90,0.00
18.64,-0.90,0.00
18.65,-0.90,0.00
18.67,-0.89,0.00
18.68,-0.89,0.00
18.69,-0.89,0.00
18.70,-0.89,0.00
18.71,-0.89,0.00
18.72,-0.89,0.00
18.73,-0.89,0.00
18.74,-0.88,0.00
18.75,-0.88,0.00
18.76,-0.88,0.00
18.77,-0.88,0.00
18.78,-0.88,0.00
18.79,-0.88,0.00
18.80,-0.88,0.00
18.81,-0.87,0.00
18.82,-0.87,0.00
18.83,-0.87,0.00
18.84,-0.87,0.00
18.85,-0.87,0.00
18.86,-0.87,0.00
18.87,-0.87,0.00
18.88,-0.87,0.00
18.89,-0.87,0.00
18.90,-0.86,0.00
18.91,-0.86,0.00
18.92,-0.86,0.00
18.93,-0.86,0.00
18.95,-0.86,0.00
18.96,-0.86,0.00
18.97,-0.86,0.00
18.98,-0.86,0.00
18.99,-0.86,0.00
19.00,-0.86,0.00
19.01,-0.86,0.00
19.02,-0.86,0.00
19.03,-0.85,0.00
19.04,-0.85,0.00
19.05,-0.85,0.00
19.06,-0.85,0.00
19.07,-0.85,0.00
19.08,-0.85,0.00
19.09,-0.85,0.00
19.10,-0.85,0.00
19.11,-0.85,0.00
19.12,-0.85,0.00
19.13,-0.85,0.00
19.14,-0.85,0.00
19.15,-0.85,0.00
19.16,-0.85,0.00
19.17,-0.85,0.00
19.18,-0.85,0.00
19.20,-0.85,0.00
19.21,-0.85,0.00
19.22,-0.85,0.00
19.23,-0.85,0.00
19.24,-0.85,0.00
19.25,-0.84,0.00
19.26,-0.84,0.00
19.27,-0.84,0.00
19.28,-0.84,0.00
19.29,-0.84,0.00
19.30,-0.84,0.00
19.31,-0.84,0.00
19.32,-0.84,0.00
19.33,-0.84,0.00
19.34,-0.84,0.00
19.35,-0.84,0.00
19.36,-0.84,0.00
19.37,-0.84,0.00
19.38,-0.84,0.00
19.39,-0.84,0.00
19.40,-0.84,0.00
19.41,-0.85,0.00
19.42,-0.85,0.00
19.44,-0.85,0.00
19.45,-0.85,0.00
19.46,-0.85,0.00
19.47,-0.85,0.00
19.48,-0.85,0.00
19.49,-0.85,0.00
19.50,-0.85,0.00
19.51,-0.85,0.00
19.52,-0.85,0.00
19.53,-0.85,0.00
19.54,-0.85,0.00
19.55,-0.85,0.00
19.56,-0.85,0.00
19.57,-0.85,0.00
19.58,-0.85,0.00
19.59,-0.85,0.00
19.60,-0.85,0.00
19.61,-0.85,0.00
19.62,-0.85,0.00
19.63,-0.86,0.00
19.64,-0.86,0.00
19.65,-0.86,0.00
19.66,-0.86,0.00
19.67,-0.86,0.00
19.69,-0.86,0.00
19.70,-0.86,0.00
19.71,-0.86,0.00
19.72,-0.86,0.00
19.73,-0.86,0.00
19.74,-0.86,0.00
19.75,-0.87,0.00
19.76,-0.87,0.00
19.77,-0.87,0.00
19.78,-0.87,0.00
19.79,-0.87,0.00
19.80,-0.87,0.00
19.81,-0.87,0.00
19.82,-0.87,0.00
19.83,-0.88,0.00
19.84,-0.88,0.00
19.85,-0.88,0.00
19.86,-0.88,0.00
19.87,-0.88,0.00
19.88,-0.88,0.00
19.89,-0.88,0.00
19.90,-0.88,0.00
19.91,-0.89,0.00
19.92,-0.89,0.00
19.93,-0.89,0.00
19.94,-0.89,0.00
19.95,-0.89,0.00
19.96,-0.89,0.00
19.98,-0.90,0.00
19.99,-0.90,0.00
20.00,-0.90,0.00
20.01,-0.90,0.00
20.02,-0.90,0.00
20.03,-0.90,0.00
20.04,-0.91,0.00
20.05,-0.91,0.00
20.06,-0.91,0.00
20.07,-0.91,0.00
20.08,-0.91,0.00
20.09,-0.92,0.00
20.10,-0.92,0.00
20.11,-0.92,0.00
20.12,-0.92,0.00
20.13,-0.92,0.00
20.14,-0.93,0.00
20.15,-0.93,0.00
20.16,-0.93,0.00
20.17,-0.93,0.00
20.18,-0.93,0.00
20.19,-0.94,0.00
20.20,-0.94,0.00
20.21,-0.94,0.00
20.22,-0.94,0.00
20.23,-0.95,0.00
20.24,-0.95,0.00
20.25,-0.95,0.00
20.26,-0.95,0.00
20.27,-0.95,0.00
20.28,-0.96,0.00
20.29,-0.96,0.00
20.30,-0.96,0.00
20.31,-0.96,0.00
20.32,-0.97,0.00
20.33,-0.97,0.00
20.34,-0.97,0.00
20.35,-0.97,0.00
20.36,-0.98,0.00
20.37,-0.98,0.00
20.38,-0.98,0.00
20.39,-0.99,0.00
20.40,-0.99,0.00
20.41,-0.99,0.00
20.42,-0.99,0.00
20.43,-1.00,0.00
20.44,-1.00,0.00
20.45,-1.00,0.00
20.46,-1.00,0.00
20.47,-1.01,0.00
20.48,-1.01,0.00
20.49,-1.01,0.00
20.50,-1.02,0.00
20.51,-1.02,0.00
20.52,-1.02,0.00
20.53,-1.03,0.00
20.54,-1.03,0.00
20.55,-1.03,0.00
20.56,-1.03,0.00
20.57,-1.04,0.00
20.58,-1.04,0.00
20.59,-1.04,0.00
20.60,-1.05,0.00
20.61,-1.05,0.00
20.62,-1.05,0.00
20.63,-1.06,0.00
20.64,-1.06,0.00
20.65,-1.06,0.00
20.66,-1.07,0.00
20.67,-1.07,0.00
20.68,-1.07,0.00
20.69,-1.08,0.00
20.70,-1.08,0.00
20.71,-1.08,0.00
20.72,-1.09,0.00
20.73,-1.09,0.00
20.74,-1.09,0.00
20.75,-1.10,0.00
20.76,-1.10,0.00
20.77,-1.10,0.00
20.78,-1.11,0.00
20.79,-1.11,0.00
20.80,-1.11,0.00
20.81,-1.12,0.00
20.82,-1.12,0.00
20.83,-1.13,0.00
20.84,-1.13,0.00
20.85,-1.13,0.00
20.86,-1.14,0.00
20.87,-1.14,0.00
20.88,-1.14,0.00
20.89,-1.15,0.00
20.90,-1.15,0.00
20.91,-1.16,0.00
20.92,-1.16,0.00
20.93,-1.16,0.00
20.94,-1.17,0.00
20.95,-1.17,0.00
20.96,-1.17,0.00
20.97,-1.18,0.00
20.98,-1.18,0.00
20.99,-1.19,0.00
21.00,-1.19,0.00
21.01,-1.19,0.00
21.02,-1.20,0.00
21.02,-1.20,0.00
21.03,-1.21,0.00
21.04,-1.21,0.00
21.05,-1.21,0.00
21.06,-1.22,0.00
21.07,-1.22,0.00
21.08,-1.23,0.00
21.09,-1.23,0.00
21.10,-1.23,0.00
21.11,-1.24,0.00
21.12,-1.24,0.00
21.13,-1.25,0.00
21.14,-1.25,0.00
21.15,-1.26,0.00
21.16,-1.26,0.00
21.17,-1.26,0.00
21.18,-1.27,0.00
21.19,-1.27,0.00
21.20,-1.28,0.00
21.21,-1.28,0.00
21.22,-1.29,0.00
21.23,-1.29,0.00
21.24,-1.29,0.00
21.24,-1.30,0.00
21.25,-1.30,0.00
21.26,-1.31,0.00
21.27,-1.31,0.00
21.28,-1.32,0.00
21.29,-1.32,0.00
21.30,-1.33,0.00
21.31,-1.33,0.00
21.32,-1.33,0.00
21.33,-1.34,0.00
21.34,-1.34,0.00
21.35,-1.35,0.00
21.36,-1.35,0.00
21.37,-1.36,0.00
21.38,-1.36,0.00
21.39,-1.37,0.00
21.40,-1.37,0.00
21.40,-1.38,0.00
21.41,-1.38,0.00
21.42,-1.38,0.00
21.43,-1.39,0.00
21.44,-1.39,0.00
21.45,-1.40,0.00
21.46,-1.40,0.00
21.47,-1.41,0.00
21.48,-1.41,0.00
21.49,-1.42,0.00
21.50,-1.42,0.00
21.51,-1.43,0.00
21.52,-1.43,0.00
21.53,-1.44,0.00
21.53,-1.44,0.00
21.54,-1.45,0.00
21.55,-1.45,0.00
21.56,-1.46,0.00
21.57,-1.46,0.00
21.58,-1.47,0.00
21.59,-1.47,0.00
21.60,-1.48,0.00
21.61,-1.48,0.00
21.62,-1.49,0.00
21.63,-1.49,0.00
21.64,-1.50,0.00
21.65,-1.50,0.00
21.65,-1.51,0.00
21.66,-1.51,0.00
21.67,-1.52,0.00
21.68,-1.52,0.00
21.69,-1.53,0.00
21.70,-1.53,0.00
21.71,-1.54,0.00
21.72,-1.54,0.00
21.73,-1.55,0.00
21.74,-1.55,0.00
21.75,-1.56,0.00
21.76,-1.56,0.00
21.76,-1.57,0.00
21.77,-1.57,0.00
21.78,-1.58,0.00
21.79,-1.58,0.00
21.80,-1.59,0.00
21.81,-1.59,0.00
21.82,-1.60,0.00
21.83,-1.60,0.00
21.84,-1.61,0.00
21.85,-1.61,0.00
21.86,-1.62,0.00
21.86,-1.62,0.00
21.87,-1.63,0.00
21.88,-1.63,0.00
21.89,-1.64,0.00
21.90,-1.64,0.00
21.91,-1.65,0.00
21.92,-1.65,0.00
21.93,-1.66,0.00
21.94,-1.66,0.00
21.95,-1.67,0.00
21.95,-1.68,0.00
21.96,-1.68,0.00
21.97,-1.69,0.00
21.98,-1.69,0.00
21.99,-1.70,0.00
22.00,-1.70,0.00
22.01,-1.71,0.00
22.02,-1.71,0.00
22.03,-1.72,0.00
22.04,-1.72,0.00
22.04,-1.73,0.00
22.05,-1.73,0.00
22.06,-1.74,0.00
22.07,-1.74,0.00
22.08,-1.75,0.00
22.09,-1.76,0.00
22.10,-1.76,0.00
22.11,-1.77,0.00
22.12,-1.77,0.00
22.12,-1.78,0.00
22.13,-1.78,0.00
22.14,-1.79,0.00
22.15,-1.79,0.00
22.16,-1.80,0.00
22.17,-1.80,0.00
22.18,-1.81,0.00
22.19,-1.82,0.00
22.20,-1.82,0.00
22.20,-1.83,0.00
22.21,-1.83,0.00
22.22,-1.84,0.00
22.23,-1.84,0.00
22.24,-1.85,0.00
22.25,-1.85,0.00
22.26,-1.86,0.00
22.27,-1.87,0.00
22.27,-1.87,0.00
22.28,-1.88,0.00
22.29,-1.88,0.00
22.30,-1.89,0.00
22.31,-1.89,0.00
22.32,-1.90,0.00
22.33,-1.90,0.00
22.34,-1.91,0.00
22.35,-1.92,0.00
22.35,-1.92,0.00
22.36,-1.93,0.00
22.37,-1.93,0.00
22.38,-1.94,0.00
22.39,-1.94,0.00
22.40,-1.95,0.00
22.41,-1.96,0.00
22.42,-1.96,0.00
22.42,-1.97,0.00
22.43,-1.97,0.00
22.44,-1.98,0.00
22.45,-1.98,0.00
22.46,-1.99,0.00
22.47,-2.00,0.00
22.48,-2.00,0.00
22.49,-2.01,0.00
22.49,-2.01,0.00
22.50,-2.02,0.00
22.51,-2.02,0.00
22.52,-2.03,0.00
22.53,-2.04,0.00
22.54,-2.04,0.00
22.55,-2.05,0.00
22.56,-2.05,0.00
22.56,-2.06,0.00
22.57,-2.06,0.00
22.58,-2.07,0.00
22.59,-2.08,0.00
22.60,-2.08,0.00
22.61,-2.09,0.00
22.62,-2.09,0.00
22.62,-2.10,0.00
22.63,-2.11,0.00
22.64,-2.11,0.00
22.65,-2.12,0.00
22.66,-2.12,0.00
22.67,-2.13,0.00
22.68,-2.13,0.00
22.69,-2.14,0.00
22.69,-2.15,0.00
22.70,-2.15,0.00
22.71,-2.16,0.00
22.72,-2.16,0.00
22.73,-2.17,0.00
22.74,-2.18,0.00
22.75,-2.18,0.00
22.75,-2.19,0.00
22.76,-2.19,0.00
22.77,-2.20,0.00
22.78,-2.20,0.00
22.79,-2.21,0.00
22.80,-2.22,0.00
22.81,-2.22,0.00
22.81,-2.23,0.00
22.82,-2.23,0.00
22.83,-2.24,0.00
22.84,-2.25,0.00
22.85,-2.25,0.00
22.86,-2.26,0.00
22.87,-2.26,0.00
22.88,-2.27,0.00
22.88,-2.28,0.00
22.89,-2.28,0.00
22.90,-2.29,0.00
22.91,-2.29,0.00
22.92,-2.30,0.00
22.93,-2.30,0.00
22.94,-2.31,0.00
22.94,-2.32,0.00
22.95,-2.32,0.00
22.96,-2.33,0.00
22.97,-2.33,0.00
22.98,-2.34,0.00
22.99,-2.35,0.00
23.00,-2.35,0.00
23.00,-2.36,0.00
23.01,-2.36,0.00
23.02,-2.37,0.00
23.03,-2.38,0.00
23.04,-2.38,0.00
23.05,-2.39,0.00
23.06,-2.39,0.00
23.06,-2.40,0.00
23.07,-2.41,0.00
23.08,-2.41,0.00
23.09,-2.42,0.00
23.10,-2.42,0.00
23.11,-2.43,0.00
23.11,-2.44,0.00
23.12,-2.44,0.00
23.13,-2.45,0.00
23.14,-2.45,0.00
23.15,-2.46,0.00
23.16,-2.47,0.00
23.17,-2.47,0.00
23.17,-2.48,0.00
23.18,-2.48,0.00
23.19,-2.49,0.00
23.20,-2.50,0.00
23.21,-2.50,0.00
23.22,-2.51,0.00
23.23,-2.51,0.00
23.23,-2.52,0.00
23.24,-2.53,0.00
23.25,-2.53,0.00
23.26,-2.54,0.00
23.27,-2.54,0.00
23.28,-2.55,0.00
23.29,-2.56,0.00
23.29,-2.56,0.00
23.30,-2.57,0.00
23.31,-2.57,0.00
23.32,-2.58,0.00
23.33,-2.59,0.00
23.34,-2.59,0.00
23.35,-2.60,0.00
23.35,-2.60,0.00
23.36,-2.61,0.00
23.37,-2.62,0.00
23.38,-2.62,0.00
23.39,-2.63,0.00
23.40,-2.64,0.00
23.40,-2.64,0.00
23.41,-2.65,0.00
23.42,-2.65,0.00
23.43,-2.66,0.00
23.44,-2.67,0.00
23.45,-2.67,0.00
23.46,-2.68,0.00
23.46,-2.68,0.00
23.47,-2.69,0.00
23.48,-2.70,0.00
23.49,-2.70,0.00
23.50,-2.71,0.00
23.51,-2.71,0.00
23.52,-2.72,0.00
23.52,-2.73,0.00
23.53,-2.73,0.00
23.54,-2.74,0.00
23.55,-2.74,0.00
23.56,-2.75,0.00
23.57,-2.76,0.00
23.57,-2.76,0.00
23.58,-2.77,0.00
23.59,-2.77,0.00
23.60,-2.78,0.00
23.61,-2.79,0.00
23.62,-2.79,0.00
23.63,-2.80,0.00
23.63,-2.80,0.00
23.64,-2.81,0.00
23.65,-2.82,0.00
23.66,-2.82,0.00
23.67,-2.83,0.00
23.68,-2.83,0.00
23.69,-2.84,0.00
23.69,-2.85,0.00
23.70,-2.85,0.00
23.71,-2.86,0.00
23.72,-2.87,0.00
23.73,-2.87,0.00
23.74,-2.88,0.00
23.74,-2.88,0.00
23.75,-2.89,0.00
23.76,-2.90,0.00
23.77,-2.90,0.00
23.78,-2.91,0.00
23.79,-2.91,0.00
23.80,-2.92,0.00
23.80,-2.93,0.00
23.81,-2.93,0.00
23.82,-2.94,0.00
23.83,-2.94,0.00
23.84,-2.95,0.00
23.85,-2.96,0.00
23.86,-2.96,0.00
23.86,-2.97,0.00
23.87,-2.97,0.00
23.88,-2.98,0.00
23.89,-2.99,0.00
23.90,-2.99,0.00
23.91,-3.00,0.00
23.91,-3.00,0.00
23.92,-3.01,0.00
23.93,-3.02,0.00
23.94,-3.02,0.00
23.95,-3.03,0.00
23.96,-3.03,0.00
23.97,-3.04,0.00
23.97,-3.05,0.00
23.98,-3.05,0.00
23.99,-3.06,0.00
24.00,-3.06,0.00
24.01,-3.07,0.00
24.02,-3.08,0.00
24.03,-3.08,0.00
24.03,-3.09,0.00
24.04,-3.09,0.00
24.05,-3.10,0.00
24.06,-3.11,0.00
24.07,-3.11,0.00
24.08,-3.12,0.00
24.09,-3.13,0.00
24.09,-3.13,0.00
24.10,-3.14,0.00
24.11,-3.14,0.00
24.12,-3.15,0.00
24.13,-3.16,0.00
24.14,-3.16,0.00
24.14,-3.17,0.00
24.15,-3.17,0.00
24.16,-3.18,0.00
24.17,-3.19,0.00
24.18,-3.19,0.00
24.19,-3.20,0.00
24.20,-3.20,0.00
24.20,-3.21,0.00
24.21,-3.22,0.00
24.22,-3.22,0.00
24.23,-3.23,0.00
24.24,-3.23,0.00
24.25,-3.24,0.00
24.26,-3.25,0.00
24.26,-3.25,0.00
24.27,-3.26,0.00
24.28,-3.26,0.00
24.29,-3.27,0.00
24.30,-3.27,0.00
24.31,-3.28,0.00
24.32,-3.29,0.00
24.32,-3.29,0.00
24.33,-3.30,0.00
24.34,-3.30,0.00
24.35,-3.31,0.00
24.36,-3.32,0.00
24.37,-3.32,0.00
24.38,-3.33,0.00
24.38,-3.33,0.00
24.39,-3.34,0.00
24.40,-3.35,0.00
24.41,-3.35,0.00
24.42,-3.36,0.00
24.43,-3.36,0.00
24.44,-3.37,0.00
24.44,-3.38,0.00
24.45,-3.38,0.00
24.46,-3.39,0.00
24.47,-3.39,0.00
24.48,-3.40,0.00
24.49,-3.41,0.00
24.50,-3.41,0.00
24.50,-3.42,0.00
24.51,-3.42,0.00
24.52,-3.43,0.00
24.53,-3.44,0.00
24.54,-3.44,0.00
24.55,-3.45,0.00
24.56,-3.45,0.00
24.57,-3.46,0.00
24.57,-3.46,0.00
24.58,-3.47,0.00
24.59,-3.48,0.00
24.60,-3.48,0.00
24.61,-3.49,0.00
24.62,-3.49,0.00
24.63,-3.50,0.00
24.63,-3.51,0.00
24.64,-3.51,0.00
24.65,-3.52,0.00
24.66,-3.52,0.00
24.67,-3.53,0.00
24.68,-3.53,0.00
24.69,-3.54,0.00
24.69,-3.55,0.00
24.70,-3.55,0.00
24.71,-3.56,0.00
24.72,-3.56,0.00
24.73,-3.57,0.00
24.74,-3.58,0.00
24.75,-3.58,0.00
24.76,-3.59,0.00
24.76,-3.59,0.00
24.77,-3.60,0.00
24.78,-3.60,0.00
24.79,-3.61,0.00
24.80,-3.62,0.00
24.81,-3.62,0.00
24.82,-3.63,0.00
24.82,-3.63,0.00
24.83,-3.64,0.00
24.84,-3.65,0.00
24.85,-3.65,0.00
24.86,-3.66,0.00
24.87,-3.66,0.00
24.88,-3.67,0.00
24.89,-3.67,0.00
24.89,-3.68,0.00
24.90,-3.69,0.00
24.91,-3.69,0.00
24.92,-3.70,0.00
24.93,-3.70,0.00
24.94,-3.71,0.00
24.95,-3.71,0.00
24.96,-3.72,0.00
24.96,-3.73,0.00
24.97,-3.73,0.00
24.98,-3.74,0.00
24.99,-3.74,0.00
25.00,-3.75,0.00
25.01,-3.75,0.00
25.02,-3.76,0.00
25.03,-3.77,0.00
25.03,-3.77,0.00
25.04,-3.78,0.00
25.05,-3.78,0.00
25.06,-3.79,0.00
25.07,-3.79,0.00
25.08,-3.80,0.00
25.09,-3.80,0.00
25.10,-3.81,0.00
25.10,-3.82,0.00
25.11,-3.82,0.00
25.12,-3.83,0.00
25.13,-3.83,0.00
25.14,-3.84,0.00
25.15,-3.84,0.00
25.16,-3.85,0.00
25.17,-3.86,0.00
25.18,-3.86,0.00
25.18,-3.87,0.00
25.19,-3.87,0.00
25.20,-3.88,0.00
25.21,-3.88,0.00
25.22,-3.89,0.00
25.23,-3.89,0.00
25.24,-3.90,0.00
25.25,-3.91,0.00
25.25,-3.91,0.00
25.26,-3.92,0.00
25.27,-3.92,0.00
25.28,-3.93,0.00
25.29,-3.93,0.00
25.30,-3.94,0.00
25.31,-3.94,0.00
25.32,-3.95,0.00
25.33,-3.95,0.00
25.33,-3.96,0.00
25.34,-3.97,0.00
25.35,-3.97,0.00
25.36,-3.98,0.00
25.37,-3.98,0.00
25.38,-3.99,0.00
25.39,-3.99,0.00
25.40,-4.00,0.00
25.41,-4.00,0.00
25.41,-4.01,0.00
25.42,-4.01,0.00
25.43,-4.02,0.00
25.44,-4.03,0.00
25.45,-4.03,0.00
25.46,-4.04,0.00
25.47,-4.04,0.00
25.48,-4.05,0.00
25.49,-4.05,0.00
25.50,-4.06,0.00
25.50,-4.06,0.00
25.51,-4.07,0.00
25.52,-4.07,0.00
25.53,-4.08,0.00
25.54,-4.08,0.00
25.55,-4.09,0.00
25.56,-4.10,0.00
25.57,-4.10,0.00
25.58,-4.11,0.00
25.59,-4.11,0.00
25.59,-4.12,0.00
25.60,-4.12,0.00
25.61,-4.13,0.00
25.62,-4.13,0.00
25.63,-4.14,0.00
25.64,-4.14,0.00
25.65,-4.15,0.00
25.66,-4.15,0.00
25.67,-4.16,0.00
25.68,-4.16,0.00
25.68,-4.17,0.00
25.69,-4.17,0.00
25.70,-4.18,0.00
25.71,-4.18,0.00
25.72,-4.19,0.00
25.73,-4.19,0.00
25.74,-4.20,0.00
25.75,-4.21,0.00
25.76,-4.21,0.00
25.77,-4.22,0.00
25.77,-4.22,0.00
25.78,-4.23,0.00
25.79,-4.23,0.00
25.80,-4.24,0.00
25.81,-4.24,0.00
25.82,-4.25,0.00
25.83,-4.25,0.00
25.84,-4.26,0.00
25.85,-4.26,0.00
25.86,-4.27,0.00
25.87,-4.27,0.00
25.88,-4.28,0.00
25.88,-4.28,0.00
25.89,-4.29,0.00
25.90,-4.29,0.00
25.91,-4.30,0.00
25.92,-4.30,0.00
25.93,-4.31,0.00
25.94,-4.31,0.00
25.95,-4.32,0.00
25.96,-4.32,0.00
25.97,-4.33,0.00
25.98,-4.33,0.00
25.98,-4.34,0.00
25.99,-4.34,0.00
26.00,-4.35,0.00
26.01,-4.35,0.00
26.02,-4.36,0.00
26.03,-4.36,0.00
26.04,-4.37,0.00
26.05,-4.37,0.00
26.06,-4.38,0.00
26.07,-4.38,0.00
26.08,-4.39,0.00
26.09,-4.39,0.00
26.10,-4.40,0.00
26.10,-4.40,0.00
26.11,-4.41,0.00
26.12,-4.41,0.00
26.13,-4.42,0.00
26.14,-4.42,0.00
26.15,-4.42,0.00
26.16,-4.43,0.00
26.17,-4.43,0.00
26.18,-4.44,0.00
26.19,-4.44,0.00
26.20,-4.45,0.00
26.21,-4.45,0.00
26.22,-4.46,0.00
26.22,-4.46,0.00
26.23,-4.47,0.00
26.24,-4.47,0.00
26.25,-4.48,0.00
26.26,-4.48,0.00
26.27,-4.49,0.00
26.28,-4.49,0.00
26.29,-4.50,0.00
26.30,-4.50,0.00
26.31,-4.51,0.00
26.32,-4.51,0.00
26.33,-4.52,0.00
26.34,-4.52,0.00
26.35,-4.53,0.00
26.36,-4.53,0.00
26.36,-4.53,0.00
26.37,-4.54,0.00
26.38,-4.54,0.00
26.39,-4.55,0.00
26.40,-4.55,0.00
26.41,-4.56,0.00
26.42,-4.56,0.00
26.43,-4.57,0.00
26.44,-4.57,0.00
26.45,-4.58,0.00
26.46,-4.58,0.00
26.47,-4.59,0.00
26.48,-4.59,0.00
26.49,-4.59,0.00
26.50,-4.60,0.00
26.50,-4.60,0.00
26.51,-4.61,0.00
26.52,-4.61,0.00
26.53,-4.62,0.00
26.54,-4.62,0.00
26.55,-4.63,0.00
26.56,-4.63,0.00
26.57,-4.64,0.00
26.58,-4.64,0.00
26.59,-4.64,0.00
26.60,-4.65,0.00
26.61,-4.65,0.00
26.62,-4.66,0.00
26.63,-4.66,0.00
26.64,-4.67,0.00
26.65,-4.67,0.00
26.66,-4.68,0.00
26.66,-4.68,0.00
26.67,-4.68,0.00
26.68,-4.69,0.00
26.69,-4.69,0.00
26.70,-4.70,0.00
26.71,-4.70,0.00
26.72,-4.71,0.00
26.73,-4.71,0.00
26.74,-4.72,0.00
26.75,-4.72,0.00
26.76,-4.72,0.00
26.77,-4.73,0.00
26.78,-4.73,0.00
26.79,-4.74,0.00
26.80,-4.74,0.00
26.81,-4.75,0.00
26.82,-4.75,0.00
26.83,-4.75,0.00
26.84,-4.76,0.00
26.85,-4.76,0.00
26.85,-4.77,0.00
26.86,-4.77,0.00
26.87,-4.78,0.00
26.88,-4.78,0.00
26.89,-4.78,0.00
26.90,-4.79,0.00
26.91,-4.79,0.00
26.92,-4.80,0.00
26.93,-4.80,0.00
26.94,-4.81,0.00
26.95,-4.81,0.00
26.96,-4.81,0.00
26.97,-4.82,0.00
26.98,-4.82,0.00
26.99,-4.83,0.00
27.00,-4.83,0.00
27.01,-4.83,0.00
27.02,-4.84,0.00
27.03,-4.84,0.00
27.04,-4.85,0.00
27.05,-4.85,0.00
27.06,-4.85,0.00
27.07,-4.86,0.00
27.08,-4.86,0.00
27.08,-4.87,0.00
27.09,-4.87,0.00
27.10,-4.87,0.00
27.11,-4.88,0.00
27.12,-4.88,0.00
27.13,-4.89,0.00
27.14,-4.89,0.00
27.15,-4.89,0.00
27.16,-4.90,0.00
27.17,-4.90,0.00
27.18,-4.91,0.00
27.19,-4.91,0.00
27.20,-4.91,0.00
27.21,-4.92,0.00
27.22,-4.92,0.00
27.23,-4.93,0.00
27.24,-4.93,0.00
27.25,-4.93,0.00
27.26,-4.94,0.00
27.27,-4.94,0.00
27.28,-4.94,0.00
27.29,-4.95,0.00
27.30,-4.95,0.00
27.31,-4.96,0.00
27.32,-4.96,0.00
27.33,-4.96,0.00
27.34,-4.97,0.00
27.35,-4.97,0.00
27.36,-4.97,0.00
27.37,-4.98,0.00
27.38,-4.98,0.00
27.39,-4.99,0.00
27.40,-4.99,0.00
27.40,-4.99,0.00
27.41,-5.00,0.00
27.42,-5.00,0.00
27.43,-5.00,0.00
27.44,-5.01,0.00
27.45,-5.01,0.00
27.46,-5.02,0.00
27.47,-5.02,0.00
27.48,-5.02,0.00
27.49,-5.03,0.00
27.50,-5.03,0.00
27.51,-5.03,0.00
27.52,-5.04,0.00
27.53,-5.04,0.00
27.54,-5.04,0.00
27.55,-5.05,0.00
27.56,-5.05,0.00
27.57,-5.05,0.00
27.58,-5.06,0.00
27.59,-5.06,0.00
27.60,-5.06,0.00
27.61,-5.07,0.00
27.62,-5.07,0.00
27.63,-5.07,0.00
27.64,-5.08,0.00
27.65,-5.08,0.00
27.66,-5.08,0.00
27.67,-5.09,0.00
27.68,-5.09,0.00
27.69,-5.09,0.00
27.70,-5.10,0.00
27.71,-5.10,0.00
27.72,-5.10,0.00
27.73,-5.11,0.00
27.74,-5.11,0.00
27.75,-5.11,0.00
27.76,-5.12,0.00
27.77,-5.12,0.00
27.78,-5.12,0.00
27.79,-5.13,0.00
27.80,-5.13,0.00
27.81,-5.13,0.00
27.82,-5.14,0.00
27.83,-5.14,0.00
27.84,-5.14,0.00
27.85,-5.15,0.00
27.86,-5.15,0.00
27.87,-5.15,0.00
27.88,-5.16,0.00
27.89,-5.16,0.00
27.90,-5.16,0.00
27.91,-5.16,0.00
27.92,-5.17,0.00
27.93,-5.17,0.00
27.94,-5.17,0.00
27.95,-5.18,0.00
27.96,-5.18,0.00
27.97,-5.18,0.00
27.98,-5.19,0.00
27.99,-5.19,0.00
28.00,-5.19,0.00
28.01,-5.19,0.00
28.02,-5.20,0.00
28.03,-5.20,0.00
28.04,-5.20,0.00
28.05,-5.21,0.00
28.06,-5.21,0.00
28.07,-5.21,0.00
28.08,-5.21,0.00
28.09,-5.22,0.00
28.10,-5.22,0.00
28.11,-5.22,0.00
28.12,-5.23,0.00
28.13,-5.23,0.00
28.14,-5.23,0.00
28.15,-5.23,0.00
28.16,-5.24,0.00
28.17,-5.24,0.00
28.18,-5.24,0.00
28.19,-5.24,0.00
28.20,-5.25,0.00
28.21,-5.25,0.00
28.22,-5.25,0.00
28.23,-5.26,0.00
28.24,-5.26,0.00
28.25,-5.26,0.00
28.26,-5.26,0.00
28.27,-5.27,0.00
28.28,-5.27,0.00
28.29,-5.27,0.00
28.30,-5.27,0.00
28.31,-5.28,0.00
28.32,-5.28,0.00
28.33,-5.28,0.00
28.34,-5.28,0.00
28.35,-5.29,0.00
28.36,-5.29,0.00
28.37,-5.29,0.00
28.38,-5.29,0.00
28.39,-5.30,0.00
28.40,-5.30,0.00
28.41,-5.30,0.00
28.42,-5.30,0.00
28.43,-5.30,0.00
28.44,-5.31,0.00
28.45,-5.31,0.00
28.46,-5.31,0.00
28.47,-5.31,0.00
28.48,-5.32,0.00
28.49,-5.32,0.00
28.50,-5.32,0.00
28.51,-5.32,0.00
28.52,-5.33,0.00
28.53,-5.33,0.00
28.55,-5.33,0.00
28.56,-5.33,0.00
28.57,-5.33,0.00
28.58,-5.34,0.00
28.59,-5.34,0.00
28.60,-5.34,0.00
28.61,-5.34,0.00
28.62,-5.34,0.00
28.63,-5.35,0.00
28.64,-5.35,0.00
28.65,-5.35,0.00
28.66,-5.35,0.00
28.67,-5.35,0.00
28.68,-5.36,0.00
28.69,-5.36,0.00
28.70,-5.36,0.00
28.71,-5.36,0.00
28.72,-5.36,0.00
28.73,-5.37,0.00
28.74,-5.37,0.00
28.75,-5.37,0.00
28.76,-5.37,0.00
28.77,-5.37,0.00
28.78,-5.38,0.00
28.79,-5.38,0.00
28.80,-5.38,0.00
28.81,-5.38,0.00
28.82,-5.38,0.00
28.83,-5.38,0.00
28.84,-5.39,0.00
28.85,-5.39,0.00
28.86,-5.39,0.00
28.87,-5.39,0.00
28.88,-5.39,0.00
28.89,-5.39,0.00
28.90,-5.40,0.00
28.91,-5.40,0.00
28.93,-5.40,0.00
28.94,-5.40,0.00
28.95,-5.40,0.00
28.96,-5.40,0.00
28.97,-5.41,0.00
28.98,-5.41,0.00
28.99,-5.41,0.00
29.00,-5.41,0.00
29.01,-5.41,0.00
29.02,-5.41,0.00
29.03,-5.41,0.00
29.04,-5.42,0.00
29.05,-5.42,0.00
29.06,-5.42,0.00
29.07,-5.42,0.00
29.08,-5.42,0.00
29.09,-5.42,0.00
29.10,-5.42,0.00
29.11,-5.43,0.00
29.12,-5.43,0.00
29.13,-5.43,0.00
29.14,-5.43,0.00
29.15,-5.43,0.00
29.16,-5.43,0.00
29.17,-5.43,0.00
29.18,-5.43,0.00
29.19,-5.44,0.00
29.20,-5.44,0.00
29.21,-5.44,0.00
29.23,-5.44,0.00
29.24,-5.44,0.00
29.25,-5.44,0.00
29.26,-5.44,0.00
29.27,-5.44,0.00
29.28,-5.44,0.00
29.29,-5.45,0.00
29.30,-5.45,0.00
29.31,-5.45,0.00
29.32,-5.45,0.00
29.33,-5.45,0.00
29.34,-5.45,0.00
29.35,-5.45,0.00
29.36,-5.45,0.00
29.37,-5.45,0.00
29.38,-5.45,0.00
29.39,-5.45,0.00
29.40,-5.46,0.00
29.41,-5.46,0.00
29.42,-5.46,0.00
29.43,-5.46,0.00
29.44,-5.46,0.00
29.45,-5.46,0.00
29.46,-5.46,0.00
29.47,-5.46,0.00
29.49,-5.46,0.00
29.50,-5.46,0.00
29.51,-5.46,0.00
29.52,-5.46,0.00
29.53,-5.46,0.00
29.54,-5.47,0.00
29.55,-5.47,0.00
29.56,-5.47,0.00
29.57,-5.47,0.00
29.58,-5.47,0.00
29.59,-5.47,0.00
29.60,-5.47,0.00
29.61,-5.47,0.00
29.62,-5.47,0.00
29.63,-5.47,0.00
29.64,-5.47,0.00
29.65,-5.47,0.00
29.66,-5.47,0.00
29.67,-5.47,0.00
29.68,-5.47,0.00
29.69,-5.47,0.00
29.70,-5.47,0.00
29.71,-5.47,0.00
29.72,-5.47,0.00
29.74,-5.47,0.00
29.75,-5.47,0.00
29.76,-5.47,0.00
29.77,-5.48,0.00
29.78,-5.48,0.00
29.79,-5.48,0.00
29.80,-5.48,0.00
29.81,-5.48,0.00
29.82,-5.48,0.00
29.83,-5.48,0.00
29.84,-5.48,0.00
29.85,-5.48,0.00
29.86,-5.48,0.00
29.87,-5.48,0.00
29.88,-5.48,0.00
29.89,-5.48,0.00
29.90,-5.48,0.00
29.91,-5.48,0.00
29.92,-5.48,0.00
29.93,-5.48,0.00
29.94,-5.48,0.00
29.95,-5.48,0.00
29.96,-5.48,0.00
29.98,-5.48,0.00
29.99,-5.48,0.00
30.00,-5.48,0.00
30.01,-5.48,0.00
30.02,-5.48,0.00
30.03,-5.48,0.00
30.04,-5.48,0.00
30.05,-5.48,0.00
30.06,-5.48,0.00
30.07,-5.48,0.00
30.08,-5.48,0.00
30.09,-5.47,0.00
30.10,-5.47,0.00
30.11,-5.47,0.00
30.12,-5.47,0.00
30.13,-5.47,0.00
30.14,-5.47,0.00
30.15,-5.47,0.00
30.16,-5.47,0.00
30.17,-5.47,0.00
30.18,-5.47,0.00
30.19,-5.47,0.00
30.20,-5.47,0.00
30.22,-5.47,0.00
30.23,-5.47,0.00
30.24,-5.47,0.00
30.25,-5.47,0.00
30.26,-5.47,0.00
30.27,-5.47,0.00
30.28,-5.47,0.00
30.29,-5.47,0.00
30.30,-5.47,0.00
30.31,-5.47,0.00
30.32,-5.46,0.00
30.33,-5.46,0.00
30.34,-5.46,0.00
30.35,-5.46,0.00
30.36,-5.46,0.00
30.37,-5.46,0.00
30.38,-5.46,0.00
30.39,-5.46,0.00
30.40,-5.46,0.00
30.41,-5.46,0.00
30.42,-5.46,0.00
30.43,-5.46,0.00
30.44,-5.46,0.00
30.45,-5.46,0.00
30.47,-5.45,0.00
30.48,-5.45,0.00
30.49,-5.45,0.00
30.50,-5.45,0.00
30.51,-5.45,0.00
30.52,-5.45,0.00
30.53,-5.45,0.00
30.54,-5.45,0.00
30.55,-5.45,0.00
30.56,-5.45,0.00
30.57,-5.44,0.00
30.58,-5.44,0.00
30.59,-5.44,0.00
30.60,-5.44,0.00
30.61,-5.44,0.00
30.62,-5.44,0.00
30.63,-5.44,0.00
30.64,-5.44,0.00
30.65,-5.44,0.00
30.66,-5.43,0.00
30.67,-5.43,0.00
30.68,-5.43,0.00
30.69,-5.43,0.00
30.70,-5.43,0.00
30.71,-5.43,0.00
30.72,-5.43,0.00
30.74,-5.43,0.00
30.75,-5.42,0.00
30.76,-5.42,0.00
30.77,-5.42,0.00
30.78,-5.42,0.00
30.79,-5.42,0.00
30.80,-5.42,0.00
30.81,-5.42,0.00
30.82,-5.41,0.00
30.83,-5.41,0.00
30.84,-5.41,0.00
30.85,-5.41,0.00
30.86,-5.41,0.00
30.87,-5.41,0.00
30.88,-5.41,0.00
30.89,-5.40,0.00
30.90,-5.40,0.00
30.91,-5.40,0.00
30.92,-5.40,0.00
30.93,-5.40,0.00
30.94,-5.40,0.00
30.95,-5.39,0.00
30.96,-5.39,0.00
30.97,-5.39,0.00
30.98,-5.39,0.00
30.99,-5.39,0.00
31.00,-5.39,0.00
31.01,-5.38,0.00
31.02,-5.38,0.00
31.03,-5.38,0.00
31.04,-5.38,0.00
31.05,-5.38,0.00
31.07,-5.38,0.00
31.08,-5.37,0.00
31.09,-5.37,0.00
31.10,-5.37,0.00
31.11,-5.37,0.00
31.12,-5.37,0.00
31.13,-5.36,0.00
31.14,-5.36,0.00
31.15,-5.36,0.00
31.16,-5.36,0.00
31.17,-5.36,0.00
31.18,-5.35,0.00
31.19,-5.35,0.00
31.20,-5.35,0.00
31.21,-5.35,0.00
31.22,-5.35,0.00
31.23,-5.34,0.00
31.24,-5.34,0.00
31.25,-5.34,0.00
31.26,-5.34,0.00
31.27,-5.34,0.00
31.28,-5.33,0.00
31.29,-5.33,0.00
31.30,-5.33,0.00
31.31,-5.33,0.00
31.32,-5.32,0.00
31.33,-5.32,0.00
31.34,-5.32,0.00
31.35,-5.32,0.00
31.36,-5.32,0.00
31.37,-5.31,0.00
31.38,-5.31,0.00
31.39,-5.31,0.00
31.40,-5.31,0.00
31.41,-5.30,0.00
31.42,-5.30,0.00
31.43,-5.30,0.00
31.44,-5.30,0.00
31.45,-5.29,0.00
31.46,-5.29,0.00
31.47,-5.29,0.00
31.48,-5.29,0.00
31.49,-5.28,0.00
31.50,-5.28,0.00
31.51,-5.28,0.00
31.52,-5.28,0.00
31.53,-5.27,0.00
31.54,-5.27,0.00
31.55,-5.27,0.00
31.56,-5.27,0.00
31.57,-5.26,0.00
31.59,-5.26,0.00
31.60,-5.26,0.00
31.61,-5.26,0.00
31.62,-5.25,0.00
31.63,-5.25,0.00
31.64,-5.25,0.00
31.65,-5.25,0.00
31.66,-5.24,0.00
31.67,-5.24,0.00
31.68,-5.24,0.00
31.69,-5.23,0.00
31.70,-5.23,0.00
31.71,-5.23,0.00
31.72,-5.23,0.00
31.73,-5.22,0.00
31.74,-5.22,0.00
31.75,-5.22,0.00
31.76,-5.21,0.00
31.77,-5.21,0.00
31.78,-5.21,0.00
31.79,-5.21,0.00
31.80,-5.20,0.00
31.81,-5.20,0.00
31.82,-5.20,0.00
31.83,-5.19,0.00
31.84,-5.19,0.00
31.85,-5.19,0.00
31.86,-5.19,0.00
31.87,-5.18,0.00
31.88,-5.18,0.00
31.89,-5.18,0.00
31.90,-5.17,0.00
31.91,-5.17,0.00
31.92,-5.17,0.00
31.93,-5.16,0.00
31.94,-5.16,0.00
31.95,-5.16,0.00
31.96,-5.15,0.00
31.97,-5.15,0.00
31.98,-5.15,0.00
31.99,-5.15,0.00
32.00,-5.14,0.00
32.01,-5.14,0.00
32.02,-5.14,0.00
32.03,-5.13,0.00
32.04,-5.13,0.00
32.05,-5.13,0.00
32.06,-5.12,0.00
32.07,-5.12,0.00
32.08,-5.12,0.00
32.09,-5.11,0.00
32.10,-5.11,0.00
32.11,-5.11,0.00
32.11,-5.10,0.00
32.12,-5.10,0.00
32.13,-5.10,0.00
32.14,-5.09,0.00
32.15,-5.09,0.00
32.16,-5.09,0.00
32.17,-5.08,0.00
32.18,-5.08,0.00
32.19,-5.08,0.00
32.20,-5.07,0.00
32.21,-5.07,0.00
32.22,-5.07,0.00
32.23,-5.06,0.00
32.24,-5.06,0.00
32.25,-5.05,0.00
32.26,-5.05,0.00
32.27,-5.05,0.00
32.28,-5.04,0.00
32.29,-5.04,0.00
32.30,-5.04,0.00
32.31,-5.03,0.00
32.32,-5.03,0.00
32.33,-5.03,0.00
32.34,-5.02,0.00
32.35,-5.02,0.00
32.36,-5.01,0.00
32.37,-5.01,0.00
32.38,-5.01,0.00
32.39,-5.00,0.00
32.40,-5.00,0.00
32.41,-5.00,0.00
32.42,-4.99,0.00
32.43,-4.99,0.00
32.44,-4.99,0.00
32.45,-4.98,0.00
32.46,-4.98,0.00
32.47,-4.97,0.00
32.48,-4.97,0.00
32.49,-4.97,0.00
32.50,-4.96,0.00
32.51,-4.96,0.00
32.52,-4.95,0.00
32.53,-4.95,0.00
32.54,-4.95,0.00
32.55,-4.94,0.00
32.56,-4.94,0.00
32.56,-4.94,0.00
32.57,-4.93,0.00
32.58,-4.93,0.00
32.59,-4.92,0.00
32.60,-4.92,0.00
32.61,-4.92,0.00
32.62,-4.91,0.00
32.63,-4.91,0.00
32.64,-4.90,0.00
32.65,-4.90,0.00
32.66,-4.90,0.00
32.67,-4.89,0.00
32.68,-4.89,0.00
32.69,-4.88,0.00
32.70,-4.88,0.00
32.71,-4.88,0.00
32.72,-4.87,0.00
32.73,-4.87,0.00
32.74,-4.86,0.00
32.75,-4.86,0.00
32.76,-4.85,0.00
32.77,-4.85,0.00
32.78,-4.85,0.00
32.79,-4.84,0.00
32.80,-4.84,0.00
32.81,-4.83,0.00
32.81,-4.83,0.00
32.82,-4.83,0.00
32.83,-4.82,0.00
32.84,-4.82,0.00
32.85,-4.81,0.00
32.86,-4.81,0.00
32.87,-4.80,0.00
32.88,-4.80,0.00
32.89,-4.80,0.00
32.90,-4.79,0.00
32.91,-4.79,0.00
32.92,-4.78,0.00
32.93,-4.78,0.00
32.94,-4.77,0.00
32.95,-4.77,0.00
32.96,-4.77,0.00
32.97,-4.76,0.00
32.98,-4.76,0.00
32.99,-4.75,0.00
33.00,-4.75,0.00
33.00,-4.74,0.00
33.01,-4.74,0.00
33.02,-4.73,0.00
33.03,-4.73,0.00
33.04,-4.73,0.00
33.05,-4.72,0.00
33.06,-4.72,0.00
33.07,-4.71,0.00
33.08,-4.71,0.00
33.09,-4.70,0.00
33.10,-4.70,0.00
33.11,-4.69,0.00
33.12,-4.69,0.00
33.13,-4.69,0.00
33.14,-4.68,0.00
33.15,-4.68,0.00
33.16,-4.67,0.00
33.17,-4.67,0.00
33.17,-4.66,0.00
33.18,-4.66,0.00
33.19,-4.65,0.00
33.20,-4.65,0.00
33.21,-4.64,0.00
33.22,-4.64,0.00
33.23,-4.63,0.00
33.24,-4.63,0.00
33.25,-4.63,0.00
33.26,-4.62,0.00
33.27,-4.62,0.00
33.28,-4.61,0.00
33.29,-4.61,0.00
33.30,-4.60,0.00
33.31,-4.60,0.00
33.31,-4.59,0.00
33.32,-4.59,0.00
33.33,-4.58,0.00
33.34,-4.58,0.00
33.35,-4.57,0.00
33.36,-4.57,0.00
33.37,-4.56,0.00
33.38,-4.56,0.00
33.39,-4.55,0.00
33.40,-4.55,0.00
33.41,-4.54,0.00
33.42,-4.54,0.00
33.43,-4.54,0.00
33.44,-4.53,0.00
33.44,-4.53,0.00
33.45,-4.52,0.00
33.46,-4.52,0.00
33.47,-4.51,0.00
33.48,-4.51,0.00
33.49,-4.50,0.00
33.50,-4.50,0.00
33.51,-4.49,0.00
33.52,-4.49,0.00
33.53,-4.48,0.00
33.54,-4.48,0.00
33.55,-4.47,0.00
33.56,-4.47,0.00
33.56,-4.46,0.00
33.57,-4.46,0.00
33.58,-4.45,0.00
33.59,-4.45,0.00
33.60,-4.44,0.00
33.61,-4.44,0.00
33.62,-4.43,0.00
33.63,-4.43,0.00
33.64,-4.42,0.00
33.65,-4.42,0.00
33.66,-4.41,0.00
33.67,-4.41,0.00
33.67,-4.40,0.00
33.68,-4.40,0.00
33.69,-4.39,0.00
33.70,-4.39,0.00
33.71,-4.38,0.00
33.72,-4.38,0.00
33.73,-4.37,0.00
33.74,-4.37,0.00
33.75,-4.36,0.00
33.76,-4.36,0.00
33.77,-4.35,0.00
33.77,-4.35,0.00
33.78,-4.34,0.00
33.79,-4.34,0.00
33.80,-4.33,0.00
33.81,-4.33,0.00
33.82,-4.32,0.00
33.83,-4.32,0.00
33.84,-4.31,0.00
33.85,-4.31,0.00
33.86,-4.30,0.00
33.87,-4.29,0.00
33.87,-4.29,0.00
33.88,-4.28,0.00
33.89,-4.28,0.00
33.90,-4.27,0.00
33.91,-4.27,0.00
33.92,-4.26,0.00
33.93,-4.26,0.00
33.94,-4.25,0.00
33.95,-4.25,0.00
33.96,-4.24,0.00
33.97,-4.24,0.00
33.97,-4.23,0.00
33.98,-4.23,0.00
33.99,-4.22,0.00
34.00,-4.22,0.00
34.01,-4.21,0.00
34.02,-4.21,0.00
34.03,-4.20,0.00
34.04,-4.20,0.00
34.05,-4.19,0.00
34.06,-4.18,0.00
34.06,-4.18,0.00
34.07,-4.17,0.00
34.08,-4.17,0.00
34.09,-4.16,0.00
34.10,-4.16,0.00
34.11,-4.15,0.00
34.12,-4.15,0.00
34.13,-4.14,0.00
34.14,-4.14,0.00
34.14,-4.13,0.00
34.15,-4.13,0.00
34.16,-4.12,0.00
34.17,-4.11,0.00
34.18,-4.11,0.00
34.19,-4.10,0.00
34.20,-4.10,0.00
34.21,-4.09,0.00
34.22,-4.09,0.00
34.23,-4.08,0.00
34.23,-4.08,0.00
34.24,-4.07,0.00
34.25,-4.07,0.00
34.26,-4.06,0.00
34.27,-4.06,0.00
34.28,-4.05,0.00
34.29,-4.04,0.00
34.30,-4.04,0.00
34.31,-4.03,0.00
34.31,-4.03,0.00
34.32,-4.02,0.00
34.33,-4.02,0.00
34.34,-4.01,0.00
34.35,-4.01,0.00
34.36,-4.00,0.00
34.37,-3.99,0.00
34.38,-3.99,0.00
34.38,-3.98,0.00
34.39,-3.98,0.00
34.40,-3.97,0.00
34.41,-3.97,0.00
34.42,-3.96,0.00
34.43,-3.96,0.00
34.44,-3.95,0.00
34.45,-3.95,0.00
34.46,-3.94,0.00
34.46,-3.93,0.00
34.47,-3.93,0.00
34.48,-3.92,0.00
34.49,-3.92,0.00
34.50,-3.91,0.00
34.51,-3.91,0.00
34.52,-3.90,0.00
34.53,-3.89,0.00
34.54,-3.89,0.00
34.54,-3.88,0.00
34.55,-3.88,0.00
34.56,-3.87,0.00
34.57,-3.87,0.00
34.58,-3.86,0.00
34.59,-3.86,0.00
34.60,-3.85,0.00
34.61,-3.84,0.00
34.61,-3.84,0.00
34.62,-3.83,0.00
34.63,-3.83,0.00
34.64,-3.82,0.00
34.65,-3.82,0.00
34.66,-3.81,0.00
34.67,-3.80,0.00
34.68,-3.80,0.00
34.68,-3.79,0.00
34.69,-3.79,0.00
34.70,-3.78,0.00
34.71,-3.78,0.00
34.72,-3.77,0.00
34.73,-3.77,0.00
34.74,-3.76,0.00
34.75,-3.75,0.00
34.75,-3.75,0.00
34.76,-3.74,0.00
34.77,-3.74,0.00
34.78,-3.73,0.00
34.79,-3.73,0.00
34.80,-3.72,0.00
34.81,-3.71,0.00
34.82,-3.71,0.00
34.82,-3.70,0.00
34.83,-3.70,0.00
34.84,-3.69,0.00
34.85,-3.68,0.00
34.86,-3.68,0.00
34.87,-3.67,0.00
34.88,-3.67,0.00
34.89,-3.66,0.00
34.89,-3.66,0.00
34.90,-3.65,0.00
34.91,-3.64,0.00
34.92,-3.64,0.00
34.93,-3.63,0.00
34.94,-3.63,0.00
34.95,-3.62,0.00
34.95,-3.62,0.00
34.96,-3.61,0.00
34.97,-3.60,0.00
34.98,-3.60,0.00
34.99,-3.59,0.00
35.00,-3.59,0.00
35.01,-3.58,0.00
35.02,-3.58,0.00
35.02,-3.57,0.00
35.03,-3.56,0.00
35.04,-3.56,0.00
35.05,-3.55,0.00
35.06,-3.55,0.00
35.07,-3.54,0.00
35.08,-3.53,0.00
35.08,-3.53,0.00
35.09,-3.52,0.00
35.10,-3.52,0.00
35.11,-3.51,0.00
35.12,-3.51,0.00
35.13,-3.50,0.00
35.14,-3.49,0.00
35.15,-3.49,0.00
35.15,-3.48,0.00
35.16,-3.48,0.00
35.17,-3.47,0.00
35.18,-3.46,0.00
35.19,-3.46,0.00
35.20,-3.45,0.00
35.21,-3.45,0.00
35.21,-3.44,0.00
35.22,-3.43,0.00
35.23,-3.43,0.00
35.24,-3.42,0.00
35.25,-3.42,0.00
35.26,-3.41,0.00
35.27,-3.41,0.00
35.27,-3.40,0.00
35.28,-3.39,0.00
35.29,-3.39,0.00
35.30,-3.38,0.00
35.31,-3.38,0.00
35.32,-3.37,0.00
35.33,-3.36,0.00
35.34,-3.36,0.00
35.34,-3.35,0.00
35.35,-3.35,0.00
35.36,-3.34,0.00
35.37,-3.33,0.00
35.38,-3.33,0.00
35.39,-3.32,0.00
35.40,-3.32,0.00
35.40,-3.31,0.00
35.41,-3.31,0.00
35.42,-3.30,0.00
35.43,-3.29,0.00
35.44,-3.29,0.00
35.45,-3.28,0.00
35.46,-3.28,0.00
35.46,-3.27,0.00
35.47,-3.26,0.00
35.48,-3.26,0.00
35.49,-3.25,0.00
35.50,-3.25,0.00
35.51,-3.24,0.00
35.52,-3.23,0.00
35.52,-3.23,0.00
35.53,-3.22,0.00
35.54,-3.22,0.00
35.55,-3.21,0.00
35.56,-3.20,0.00
35.57,-3.20,0.00
35.58,-3.19,0.00
35.58,-3.19,0.00
35.59,-3.18,0.00
35.60,-3.17,0.00
35.61,-3.17,0.00
35.62,-3.16,0.00
35.63,-3.16,0.00
35.64,-3.15,0.00
35.64,-3.15,0.00
35.65,-3.14,0.00
35.66,-3.13,0.00
35.67,-3.13,0.00
35.68,-3.12,0.00
35.69,-3.12,0.00
35.70,-3.11,0.00
35.70,-3.10,0.00
35.71,-3.10,0.00
35.72,-3.09,0.00
35.73,-3.09,0.00
35.74,-3.08,0.00
35.75,-3.07,0.00
35.76,-3.07,0.00
35.76,-3.06,0.00
35.77,-3.06,0.00
35.78,-3.05,0.00
35.79,-3.04,0.00
35.80,-3.04,0.00
35.81,-3.03,0.00
35.82,-3.03,0.00
35.82,-3.02,0.00
35.83,-3.01,0.00
35.84,-3.01,0.00
35.85,-3.00,0.00
35.86,-3.00,0.00
35.87,-2.99,0.00
35.88,-2.98,0.00
35.88,-2.98,0.00
35.89,-2.97,0.00
35.90,-2.97,0.00
35.91,-2.96,0.00
35.92,-2.95,0.00
35.93,-2.95,0.00
35.94,-2.94,0.00
35.94,-2.94,0.00
35.95,-2.93,0.00
35.96,-2.92,0.00
35.97,-2.92,0.00
35.98,-2.91,0.00
35.99,-2.91,0.00
36.00,-2.90,0.00
36.00,-2.89,0.00
36.01,-2.89,0.00
36.02,-2.88,0.00
36.03,-2.88,0.00
36.04,-2.87,0.00
36.05,-2.86,0.00
36.06,-2.86,0.00
36.06,-2.85,0.00
36.07,-2.85,0.00
36.08,-2.84,0.00
36.09,-2.84,0.00
36.10,-2.83,0.00
36.11,-2.82,0.00
36.12,-2.82,0.00
36.12,-2.81,0.00
36.13,-2.81,0.00
36.14,-2.80,0.00
36.15,-2.79,0.00
36.16,-2.79,0.00
36.17,-2.78,0.00
36.18,-2.78,0.00
36.18,-2.77,0.00
36.19,-2.76,0.00
36.20,-2.76,0.00
36.21,-2.75,0.00
36.22,-2.75,0.00
36.23,-2.74,0.00
36.24,-2.73,0.00
36.24,-2.73,0.00
36.25,-2.72,0.00
36.26,-2.72,0.00
36.27,-2.71,0.00
36.28,-2.70,0.00
36.29,-2.70,0.00
36.30,-2.69,0.00
36.30,-2.69,0.00
36.31,-2.68,0.00
36.32,-2.67,0.00
36.33,-2.67,0.00
36.34,-2.66,0.00
36.35,-2.66,0.00
36.36,-2.65,0.00
36.36,-2.64,0.00
36.37,-2.64,0.00
36.38,-2.63,0.00
36.39,-2.63,0.00
36.40,-2.62,0.00
36.41,-2.62,0.00
36.42,-2.61,0.00
36.42,-2.60,0.00
36.43,-2.60,0.00
36.44,-2.59,0.00
36.45,-2.59,0.00
36.46,-2.58,0.00
36.47,-2.57,0.00
36.48,-2.57,0.00
36.49,-2.56,0.00
36.49,-2.56,0.00
36.50,-2.55,0.00
36.51,-2.54,0.00
36.52,-2.54,0.00
36.53,-2.53,0.00
36.54,-2.53,0.00
36.55,-2.52,0.00
36.55,-2.51,0.00
36.56,-2.51,0.00
36.57,-2.50,0.00
36.58,-2.50,0.00
36.59,-2.49,0.00
36.60,-2.49,0.00
36.61,-2.48,0.00
