11.07,-3.57,0.00
11.08,-3.57,0.00
11.09,-3.57,0.00
11.10,-3.56,0.00
11.11,-3.56,0.00
11.12,-3.56,0.00
11.13,-3.56,0.00
11.14,-3.56,0.00
11.15,-3.55,0.00
11.16,-3.55,0.00
11.17,-3.55,0.00
11.18,-3.55,0.00
11.19,-3.54,0.00
11.20,-3.54,0.00
11.21,-3.54,0.00
11.22,-3.54,0.00
11.23,-3.53,0.00
11.24,-3.53,0.00
11.25,-3.53,0.00
11.26,-3.53,0.00
11.27,-3.53,0.00
11.28,-3.52,0.00
11.29,-3.52,0.00
11.30,-3.52,0.00
11.31,-3.52,0.00
11.32,-3.51,0.00
11.33,-3.51,0.00
11.34,-3.51,0.00
11.35,-3.50,0.00
11.36,-3.50,0.00
11.37,-3.50,0.00
11.38,-3.50,0.00
11.39,-3.49,0.00
11.40,-3.49,0.00
11.41,-3.49,0.00
11.42,-3.49,0.00
11.43,-3.48,0.00
11.44,-3.48,0.00
11.45,-3.48,0.00
11.46,-3.48,0.00
11.47,-3.47,0.00
11.48,-3.47,0.00
11.49,-3.47,0.00
11.50,-3.46,0.00
11.51,-3.46,0.00
11.52,-3.46,0.00
11.53,-3.46,0.00
11.54,-3.45,0.00
11.55,-3.45,0.00
11.56,-3.45,0.00
11.57,-3.44,0.00
11.58,-3.44,0.00
11.59,-3.44,0.00
11.60,-3.43,0.00
11.61,-3.43,0.00
11.61,-3.43,0.00
11.62,-3.43,0.00
11.63,-3.42,0.00
11.64,-3.42,0.00
11.65,-3.42,0.00
11.66,-3.41,0.00
11.67,-3.41,0.00
11.68,-3.41,0.00
11.69,-3.40,0.00
11.70,-3.40,0.00
11.71,-3.40,0.00
11.72,-3.39,0.00
11.73,-3.39,0.00
11.74,-3.39,0.00
11.75,-3.38,0.00
11.76,-3.38,0.00
11.77,-3.38,0.00
11.78,-3.37,0.00
11.79,-3.37,0.00
11.80,-3.37,0.00
11.81,-3.36,0.00
11.82,-3.36,0.00
11.83,-3.36,0.00
11.84,-3.35,0.00
11.85,-3.35,0.00
11.86,-3.35,0.00
11.87,-3.34,0.00
11.88,-3.34,0.00
11.88,-3.34,0.00
11.89,-3.33,0.00
11.90,-3.33,0.00
11.91,-3.33,0.00
11.92,-3.32,0.00
11.93,-3.32,0.00
11.94,-3.32,0.00
11.95,-3.31,0.00
11.96,-3.31,0.00
11.97,-3.31,0.00
11.98,-3.30,0.00
11.99,-3.30,0.00
12.00,-3.29,0.00
12.01,-3.29,0.00
12.02,-3.29,0.00
12.03,-3.28,0.00
12.04,-3.28,0.00
12.05,-3.28,0.00
12.06,-3.27,0.00
12.07,-3.27,0.00
12.08,-3.27,0.00
12.08,-3.26,0.00
12.09,-3.26,0.00
12.10,-3.25,0.00
12.11,-3.25,0.00
12.12,-3.25,0.00
12.13,-3.24,0.00
12.14,-3.24,0.00
12.15,-3.24,0.00
12.16,-3.23,0.00
12.17,-3.23,0.00
12.18,-3.22,0.00
12.19,-3.22,0.00
12.20,-3.22,0.00
12.21,-3.21,0.00
12.22,-3.21,0.00
12.23,-3.20,0.00
12.24,-3.20,0.00
12.25,-3.20,0.00
12.25,-3.19,0.00
12.26,-3.19,0.00
12.27,-3.18,0.00
12.28,-3.18,0.00
12.29,-3.18,0.00
12.30,-3.17,0.00
12.31,-3.17,0.00
12.32,-3.16,0.00
12.33,-3.16,0.00
12.34,-3.16,0.00
12.35,-3.15,0.00
12.36,-3.15,0.00
12.37,-3.14,0.00
12.38,-3.14,0.00
12.39,-3.14,0.00
12.39,-3.13,0.00
12.40,-3.13,0.00
12.41,-3.12,0.00
12.42,-3.12,0.00
12.43,-3.11,0.00
12.44,-3.11,0.00
12.45,-3.11,0.00
12.46,-3.10,0.00
12.47,-3.10,0.00
12.48,-3.09,0.00
12.49,-3.09,0.00
12.50,-3.09,0.00
12.51,-3.08,0.00
12.52,-3.08,0.00
12.52,-3.07,0.00
12.53,-3.07,0.00
12.54,-3.06,0.00
12.55,-3.06,0.00
12.56,-3.06,0.00
12.57,-3.05,0.00
12.58,-3.05,0.00
12.59,-3.04,0.00
12.60,-3.04,0.00
12.61,-3.03,0.00
12.62,-3.03,0.00
12.63,-3.03,0.00
12.63,-3.02,0.00
12.64,-3.02,0.00
12.65,-3.01,0.00
12.66,-3.01,0.00
12.67,-3.00,0.00
12.68,-3.00,0.00
12.69,-2.99,0.00
12.70,-2.99,0.00
12.71,-2.99,0.00
12.72,-2.98,0.00
12.73,-2.98,0.00
12.74,-2.97,0.00
12.74,-2.97,0.00
12.75,-2.96,0.00
12.76,-2.96,0.00
12.77,-2.95,0.00
12.78,-2.95,0.00
12.79,-2.94,0.00
12.80,-2.94,0.00
12.81,-2.94,0.00
12.82,-2.93,0.00
12.83,-2.93,0.00
12.84,-2.92,0.00
12.85,-2.92,0.00
12.85,-2.91,0.00
12.86,-2.91,0.00
12.87,-2.90,0.00
12.88,-2.90,0.00
12.89,-2.89,0.00
12.90,-2.89,0.00
12.91,-2.89,0.00
12.92,-2.88,0.00
12.93,-2.88,0.00
12.94,-2.87,0.00
12.94,-2.87,0.00
12.95,-2.86,0.00
12.96,-2.86,0.00
12.97,-2.85,0.00
12.98,-2.85,0.00
12.99,-2.84,0.00
13.00,-2.84,0.00
13.01,-2.83,0.00
13.02,-2.83,0.00
13.03,-2.82,0.00
13.04,-2.82,0.00
13.04,-2.81,0.00
13.05,-2.81,0.00
13.06,-2.81,0.00
13.07,-2.80,0.00
13.08,-2.80,0.00
13.09,-2.79,0.00
13.10,-2.79,0.00
13.11,-2.78,0.00
13.12,-2.78,0.00
13.12,-2.77,0.00
13.13,-2.77,0.00
13.14,-2.76,0.00
13.15,-2.76,0.00
13.16,-2.75,0.00
13.17,-2.75,0.00
13.18,-2.74,0.00
13.19,-2.74,0.00
13.20,-2.73,0.00
13.21,-2.73,0.00
13.21,-2.72,0.00
13.22,-2.72,0.00
13.23,-2.71,0.00
13.24,-2.71,0.00
13.25,-2.70,0.00
13.26,-2.70,0.00
13.27,-2.69,0.00
13.28,-2.69,0.00
13.29,-2.68,0.00
13.29,-2.68,0.00
13.30,-2.67,0.00
13.31,-2.67,0.00
13.32,-2.66,0.00
13.33,-2.66,0.00
13.34,-2.65,0.00
13.35,-2.65,0.00
13.36,-2.64,0.00
13.37,-2.64,0.00
13.37,-2.63,0.00
13.38,-2.63,0.00
13.39,-2.62,0.00
13.40,-2.62,0.00
13.41,-2.61,0.00
13.42,-2.61,0.00
13.43,-2.60,0.00
13.44,-2.60,0.00
13.44,-2.59,0.00
13.45,-2.59,0.00
13.46,-2.58,0.00
13.47,-2.58,0.00
13.48,-2.57,0.00
13.49,-2.57,0.00
13.50,-2.56,0.00
13.51,-2.56,0.00
13.52,-2.55,0.00
13.52,-2.55,0.00
13.53,-2.54,0.00
13.54,-2.54,0.00
13.55,-2.53,0.00
13.56,-2.53,0.00
13.57,-2.52,0.00
13.58,-2.52,0.00
13.59,-2.51,0.00
13.59,-2.51,0.00
13.60,-2.50,0.00
13.61,-2.49,0.00
13.62,-2.49,0.00
13.63,-2.48,0.00
13.64,-2.48,0.00
13.65,-2.47,0.00
13.65,-2.47,0.00
13.66,-2.46,0.00
13.67,-2.46,0.00
13.68,-2.45,0.00
13.69,-2.45,0.00
13.70,-2.44,0.00
13.71,-2.44,0.00
13.72,-2.43,0.00
13.72,-2.43,0.00
13.73,-2.42,0.00
13.74,-2.42,0.00
13.75,-2.41,0.00
13.76,-2.40,0.00
13.77,-2.40,0.00
13.78,-2.39,0.00
13.78,-2.39,0.00
13.79,-2.38,0.00
13.80,-2.38,0.00
13.81,-2.37,0.00
13.82,-2.37,0.00
13.83,-2.36,0.00
13.84,-2.36,0.00
13.85,-2.35,0.00
13.85,-2.35,0.00
13.86,-2.34,0.00
13.87,-2.33,0.00
13.88,-2.33,0.00
13.89,-2.32,0.00
13.90,-2.32,0.00
13.91,-2.31,0.00
13.91,-2.31,0.00
13.92,-2.30,0.00
13.93,-2.30,0.00
13.94,-2.29,0.00
13.95,-2.29,0.00
13.96,-2.28,0.00
13.97,-2.27,0.00
13.97,-2.27,0.00
13.98,-2.26,0.00
13.99,-2.26,0.00
14.00,-2.25,0.00
14.01,-2.25,0.00
14.02,-2.24,0.00
14.03,-2.24,0.00
14.03,-2.23,0.00
14.04,-2.22,0.00
14.05,-2.22,0.00
14.06,-2.21,0.00
14.07,-2.21,0.00
14.08,-2.20,0.00
14.09,-2.20,0.00
14.09,-2.19,0.00
14.10,-2.19,0.00
14.11,-2.18,0.00
14.12,-2.17,0.00
14.13,-2.17,0.00
14.14,-2.16,0.00
14.14,-2.16,0.00
14.15,-2.15,0.00
14.16,-2.15,0.00
14.17,-2.14,0.00
14.18,-2.14,0.00
14.19,-2.13,0.00
14.20,-2.12,0.00
14.20,-2.12,0.00
14.21,-2.11,0.00
14.22,-2.11,0.00
14.23,-2.10,0.00
14.24,-2.10,0.00
14.25,-2.09,0.00
14.26,-2.08,0.00
14.26,-2.08,0.00
14.27,-2.07,0.00
14.28,-2.07,0.00
14.29,-2.06,0.00
14.30,-2.06,0.00
14.31,-2.05,0.00
14.31,-2.05,0.00
14.32,-2.04,0.00
14.33,-2.03,0.00
14.34,-2.03,0.00
14.35,-2.02,0.00
14.36,-2.02,0.00
14.37,-2.01,0.00
14.37,-2.01,0.00
14.38,-2.00,0.00
14.39,-1.99,0.00
14.40,-1.99,0.00
14.41,-1.98,0.00
14.42,-1.98,0.00
14.42,-1.97,0.00
14.43,-1.97,0.00
14.44,-1.96,0.00
14.45,-1.95,0.00
14.46,-1.95,0.00
14.47,-1.94,0.00
14.47,-1.94,0.00
14.48,-1.93,0.00
14.49,-1.93,0.00
14.50,-1.92,0.00
14.51,-1.91,0.00
14.52,-1.91,0.00
14.52,-1.90,0.00
14.53,-1.90,0.00
14.54,-1.89,0.00
14.55,-1.88,0.00
14.56,-1.88,0.00
14.57,-1.87,0.00
14.58,-1.87,0.00
14.58,-1.86,0.00
14.59,-1.86,0.00
14.60,-1.85,0.00
14.61,-1.84,0.00
14.62,-1.84,0.00
14.63,-1.83,0.00
14.63,-1.83,0.00
14.64,-1.82,0.00
14.65,-1.82,0.00
14.66,-1.81,0.00
14.67,-1.80,0.00
14.68,-1.80,0.00
14.68,-1.79,0.00
14.69,-1.79,0.00
14.70,-1.78,0.00
14.71,-1.77,0.00
14.72,-1.77,0.00
14.73,-1.76,0.00
14.73,-1.76,0.00
14.74,-1.75,0.00
14.75,-1.75,0.00
14.76,-1.74,0.00
14.77,-1.73,0.00
14.78,-1.73,0.00
14.78,-1.72,0.00
14.79,-1.72,0.00
14.80,-1.71,0.00
14.81,-1.70,0.00
14.82,-1.70,0.00
14.83,-1.69,0.00
14.83,-1.69,0.00
14.84,-1.68,0.00
14.85,-1.68,0.00
14.86,-1.67,0.00
14.87,-1.66,0.00
14.88,-1.66,0.00
14.88,-1.65,0.00
14.89,-1.65,0.00
14.90,-1.64,0.00
14.91,-1.63,0.00
14.92,-1.63,0.00
14.93,-1.62,0.00
14.93,-1.62,0.00
14.94,-1.61,0.00
14.95,-1.61,0.00
14.96,-1.60,0.00
14.97,-1.59,0.00
14.98,-1.59,0.00
14.98,-1.58,0.00
14.99,-1.58,0.00
15.00,-1.57,0.00
15.01,-1.56,0.00
15.02,-1.56,0.00
15.03,-1.55,0.00
15.03,-1.55,0.00
15.04,-1.54,0.00
15.05,-1.53,0.00
15.06,-1.53,0.00
15.07,-1.52,0.00
15.08,-1.52,0.00
15.08,-1.51,0.00
15.09,-1.51,0.00
15.10,-1.50,0.00
15.11,-1.49,0.00
15.12,-1.49,0.00
15.13,-1.48,0.00
15.13,-1.48,0.00
15.14,-1.47,0.00
15.15,-1.46,0.00
15.16,-1.46,0.00
15.17,-1.45,0.00
15.18,-1.45,0.00
15.18,-1.44,0.00
15.19,-1.43,0.00
15.20,-1.43,0.00
15.21,-1.42,0.00
15.22,-1.42,0.00
15.23,-1.41,0.00
15.23,-1.41,0.00
15.24,-1.40,0.00
15.25,-1.39,0.00
15.26,-1.39,0.00
15.27,-1.38,0.00
15.27,-1.38,0.00
15.28,-1.37,0.00
15.29,-1.36,0.00
15.30,-1.36,0.00
15.31,-1.35,0.00
15.32,-1.35,0.00
15.32,-1.34,0.00
15.33,-1.33,0.00
15.34,-1.33,0.00
15.35,-1.32,0.00
15.36,-1.32,0.00
15.37,-1.31,0.00
15.37,-1.31,0.00
15.38,-1.30,0.00
15.39,-1.29,0.00
15.40,-1.29,0.00
15.41,-1.28,0.00
15.42,-1.28,0.00
15.42,-1.27,0.00
15.43,-1.26,0.00
15.44,-1.26,0.00
15.45,-1.25,0.00
15.46,-1.25,0.00
15.47,-1.24,0.00
15.47,-1.23,0.00
15.48,-1.23,0.00
15.49,-1.22,0.00
15.50,-1.22,0.00
15.51,-1.21,0.00
15.52,-1.21,0.00
15.52,-1.20,0.00
15.53,-1.19,0.00
15.54,-1.19,0.00
15.55,-1.18,0.00
15.56,-1.18,0.00
15.57,-1.17,0.00
15.57,-1.16,0.00
15.58,-1.16,0.00
15.59,-1.15,0.00
15.60,-1.15,0.00
15.61,-1.14,0.00
15.62,-1.13,0.00
15.62,-1.13,0.00
15.63,-1.12,0.00
15.64,-1.12,0.00
15.65,-1.11,0.00
15.66,-1.11,0.00
15.67,-1.10,0.00
15.67,-1.09,0.00
15.68,-1.09,0.00
15.69,-1.08,0.00
15.70,-1.08,0.00
15.71,-1.07,0.00
15.72,-1.06,0.00
15.72,-1.06,0.00
15.73,-1.05,0.00
15.74,-1.05,0.00
15.75,-1.04,0.00
15.76,-1.03,0.00
15.77,-1.03,0.00
15.77,-1.02,0.00
15.78,-1.02,0.00
15.79,-1.01,0.00
15.80,-1.01,0.00
15.81,-1.00,0.00
15.82,-0.99,0.00
15.82,-0.99,0.00
15.83,-0.98,0.00
15.84,-0.98,0.00
15.85,-0.97,0.00
15.86,-0.96,0.00
15.87,-0.96,0.00
15.87,-0.95,0.00
15.88,-0.95,0.00
15.89,-0.94,0.00
15.90,-0.94,0.00
15.91,-0.93,0.00
15.92,-0.92,0.00
15.92,-0.92,0.00
15.93,-0.91,0.00
15.94,-0.91,0.00
15.95,-0.90,0.00
15.96,-0.90,0.00
15.97,-0.89,0.00
15.97,-0.88,0.00
15.98,-0.88,0.00
15.99,-0.87,0.00
16.00,-0.87,0.00
16.01,-0.86,0.00
16.02,-0.85,0.00
16.02,-0.85,0.00
16.03,-0.84,0.00
16.04,-0.84,0.00
16.05,-0.83,0.00
16.06,-0.83,0.00
16.07,-0.82,0.00
16.07,-0.81,0.00
16.08,-0.81,0.00
16.09,-0.80,0.00
16.10,-0.80,0.00
16.11,-0.79,0.00
16.12,-0.79,0.00
16.12,-0.78,0.00
16.13,-0.77,0.00
16.14,-0.77,0.00
16.15,-0.76,0.00
16.16,-0.76,0.00
16.17,-0.75,0.00
16.18,-0.75,0.00
16.18,-0.74,0.00
16.19,-0.73,0.00
16.20,-0.73,0.00
16.21,-0.72,0.00
16.22,-0.72,0.00
16.23,-0.71,0.00
16.23,-0.71,0.00
16.24,-0.70,0.00
16.25,-0.69,0.00
16.26,-0.69,0.00
16.27,-0.68,0.00
16.28,-0.68,0.00
16.28,-0.67,0.00
16.29,-0.67,0.00
16.30,-0.66,0.00
16.31,-0.65,0.00
16.32,-0.65,0.00
16.33,-0.64,0.00
16.34,-0.64,0.00
16.34,-0.63,0.00
16.35,-0.63,0.00
16.36,-0.62,0.00
16.37,-0.61,0.00
16.38,-0.61,0.00
16.39,-0.60,0.00
16.39,-0.60,0.00
16.40,-0.59,0.00
16.41,-0.59,0.00
16.42,-0.58,0.00
16.43,-0.57,0.00
16.44,-0.57,0.00
16.45,-0.56,0.00
16.45,-0.56,0.00
16.46,-0.55,0.00
16.47,-0.55,0.00
16.48,-0.54,0.00
16.49,-0.54,0.00
16.50,-0.53,0.00
16.51,-0.52,0.00
16.51,-0.52,0.00
16.52,-0.51,0.00
16.53,-0.51,0.00
16.54,-0.50,0.00
16.55,-0.50,0.00
16.56,-0.49,0.00
16.56,-0.49,0.00
16.57,-0.48,0.00
16.58,-0.47,0.00
16.59,-0.47,0.00
16.60,-0.46,0.00
16.61,-0.46,0.00
16.62,-0.45,0.00
16.62,-0.45,0.00
16.63,-0.44,0.00
16.64,-0.44,0.00
16.65,-0.43,0.00
16.66,-0.42,0.00
16.67,-0.42,0.00
16.68,-0.41,0.00
16.68,-0.41,0.00
16.69,-0.40,0.00
16.70,-0.40,0.00
16.71,-0.39,0.00
16.72,-0.39,0.00
16.73,-0.38,0.00
16.74,-0.38,0.00
16.74,-0.37,0.00
16.75,-0.36,0.00
16.76,-0.36,0.00
16.77,-0.35,0.00
16.78,-0.35,0.00
16.79,-0.34,0.00
16.80,-0.34,0.00
16.81,-0.33,0.00
16.81,-0.33,0.00
16.82,-0.32,0.00
16.83,-0.32,0.00
16.84,-0.31,0.00
16.85,-0.31,0.00
16.86,-0.30,0.00
16.87,-0.29,0.00
16.87,-0.29,0.00
16.88,-0.28,0.00
16.89,-0.28,0.00
16.90,-0.27,0.00
16.91,-0.27,0.00
16.92,-0.26,0.00
16.93,-0.26,0.00
16.93,-0.25,0.00
16.94,-0.25,0.00
16.95,-0.24,0.00
16.96,-0.24,0.00
16.97,-0.23,0.00
16.98,-0.23,0.00
16.99,-0.22,0.00
17.00,-0.21,0.00
17.00,-0.21,0.00
17.01,-0.20,0.00
17.02,-0.20,0.00
17.03,-0.19,0.00
17.04,-0.19,0.00
17.05,-0.18,0.00
17.06,-0.18,0.00
17.07,-0.17,0.00
17.07,-0.17,0.00
17.08,-0.16,0.00
17.09,-0.16,0.00
17.10,-0.15,0.00
17.11,-0.15,0.00
17.12,-0.14,0.00
17.13,-0.14,0.00
17.14,-0.13,0.00
17.14,-0.13,0.00
17.15,-0.12,0.00
17.16,-0.12,0.00
17.17,-0.11,0.00
17.18,-0.11,0.00
17.19,-0.10,0.00
17.20,-0.10,0.00
17.21,-0.09,0.00
17.21,-0.09,0.00
17.22,-0.08,0.00
17.23,-0.08,0.00
17.24,-0.07,0.00
17.25,-0.06,0.00
17.26,-0.06,0.00
17.27,-0.05,0.00
17.28,-0.05,0.00
17.29,-0.04,0.00
17.29,-0.04,0.00
17.30,-0.03,0.00
17.31,-0.03,0.00
17.32,-0.02,0.00
17.33,-0.02,0.00
17.34,-0.01,0.00
17.35,-0.01,0.00
17.36,-0.00,0.00
17.37,0.00,0.00
17.37,0.01,0.00
17.38,0.01,0.00
17.39,0.01,0.00
17.40,0.02,0.00
17.41,0.02,0.00
17.42,0.03,0.00
17.43,0.03,0.00
17.44,0.04,0.00
17.45,0.04,0.00
17.45,0.05,0.00
17.46,0.05,0.00
17.47,0.06,0.00
17.48,0.06,0.00
17.49,0.07,0.00
17.50,0.07,0.00
17.51,0.08,0.00
17.52,0.08,0.00
17.53,0.09,0.00
17.54,0.09,0.00
17.54,0.10,0.00
17.55,0.10,0.00
17.56,0.11,0.00
17.57,0.11,0.00
17.58,0.12,0.00
17.59,0.12,0.00
17.60,0.13,0.00
17.61,0.13,0.00
17.62,0.14,0.00
17.63,0.14,0.00
17.63,0.14,0.00
17.64,0.15,0.00
17.65,0.15,0.00
17.66,0.16,0.00
17.67,0.16,0.00
17.68,0.17,0.00
17.69,0.17,0.00
17.70,0.18,0.00
17.71,0.18,0.00
17.72,0.19,0.00
17.73,0.19,0.00
17.73,0.20,0.00
17.74,0.20,0.00
17.75,0.20,0.00
17.76,0.21,0.00
17.77,0.21,0.00
17.78,0.22,0.00
17.79,0.22,0.00
17.80,0.23,0.00
17.81,0.23,0.00
17.82,0.24,0.00
17.83,0.24,0.00
17.83,0.25,0.00
17.84,0.25,0.00
17.85,0.25,0.00
17.86,0.26,0.00
17.87,0.26,0.00
17.88,0.27,0.00
17.89,0.27,0.00
17.90,0.28,0.00
17.91,0.28,0.00
17.92,0.28,0.00
17.93,0.29,0.00
17.94,0.29,0.00
17.94,0.30,0.00
17.95,0.30,0.00
17.96,0.31,0.00
17.97,0.31,0.00
17.98,0.32,0.00
17.99,0.32,0.00
18.00,0.32,0.00
18.01,0.33,0.00
18.02,0.33,0.00
18.03,0.34,0.00
18.04,0.34,0.00
18.05,0.34,0.00
18.06,0.35,0.00
18.06,0.35,0.00
18.07,0.36,0.00
18.08,0.36,0.00
18.09,0.37,0.00
18.10,0.37,0.00
18.11,0.37,0.00
18.12,0.38,0.00
18.13,0.38,0.00
18.14,0.39,0.00
18.15,0.39,0.00
18.16,0.39,0.00
18.17,0.40,0.00
18.18,0.40,0.00
18.19,0.41,0.00
18.20,0.41,0.00
18.20,0.41,0.00
18.21,0.42,0.00
18.22,0.42,0.00
18.23,0.43,0.00
18.24,0.43,0.00
18.25,0.43,0.00
18.26,0.44,0.00
18.27,0.44,0.00
18.28,0.45,0.00
18.29,0.45,0.00
18.30,0.45,0.00
18.31,0.46,0.00
18.32,0.46,0.00
18.33,0.47,0.00
18.34,0.47,0.00
18.35,0.47,0.00
18.36,0.48,0.00
18.36,0.48,0.00
18.37,0.48,0.00
18.38,0.49,0.00
18.39,0.49,0.00
18.40,0.50,0.00
18.41,0.50,0.00
18.42,0.50,0.00
18.43,0.51,0.00
18.44,0.51,0.00
18.45,0.51,0.00
18.46,0.52,0.00
18.47,0.52,0.00
18.48,0.52,0.00
18.49,0.53,0.00
18.50,0.53,0.00
18.51,0.54,0.00
18.52,0.54,0.00
18.53,0.54,0.00
18.54,0.55,0.00
18.55,0.55,0.00
18.55,0.55,0.00
18.56,0.56,0.00
18.57,0.56,0.00
18.58,0.56,0.00
18.59,0.57,0.00
18.60,0.57,0.00
18.61,0.57,0.00
18.62,0.58,0.00
18.63,0.58,0.00
18.64,0.58,0.00
18.65,0.59,0.00
18.66,0.59,0.00
18.67,0.59,0.00
18.68,0.60,0.00
18.69,0.60,0.00
18.70,0.60,0.00
18.71,0.61,0.00
18.72,0.61,0.00
18.73,0.61,0.00
18.74,0.62,0.00
18.75,0.62,0.00
18.76,0.62,0.00
18.77,0.63,0.00
18.78,0.63,0.00
18.79,0.63,0.00
18.80,0.64,0.00
18.80,0.64,0.00
18.81,0.64,0.00
18.82,0.65,0.00
18.83,0.65,0.00
18.84,0.65,0.00
18.85,0.66,0.00
18.86,0.66,0.00
18.87,0.66,0.00
18.88,0.66,0.00
18.89,0.67,0.00
18.90,0.67,0.00
18.91,0.67,0.00
18.92,0.68,0.00
18.93,0.68,0.00
18.94,0.68,0.00
18.95,0.68,0.00
18.96,0.69,0.00
18.97,0.69,0.00
18.98,0.69,0.00
18.99,0.70,0.00
19.00,0.70,0.00
19.01,0.70,0.00
19.02,0.70,0.00
19.03,0.71,0.00
19.04,0.71,0.00
19.05,0.71,0.00
19.06,0.72,0.00
19.07,0.72,0.00
19.08,0.72,0.00
19.09,0.72,0.00
19.10,0.73,0.00
19.11,0.73,0.00
19.12,0.73,0.00
19.13,0.73,0.00
19.14,0.74,0.00
19.15,0.74,0.00
19.16,0.74,0.00
19.17,0.75,0.00
19.18,0.75,0.00
19.19,0.75,0.00
19.20,0.75,0.00
19.21,0.76,0.00
19.22,0.76,0.00
19.23,0.76,0.00
19.24,0.76,0.00
19.25,0.76,0.00
19.26,0.77,0.00
19.27,0.77,0.00
19.28,0.77,0.00
19.28,0.77,0.00
19.29,0.78,0.00
19.30,0.78,0.00
19.31,0.78,0.00
19.32,0.78,0.00
19.33,0.79,0.00
19.34,0.79,0.00
19.35,0.79,0.00
19.36,0.79,0.00
19.37,0.80,0.00
19.38,0.80,0.00
19.39,0.80,0.00
19.40,0.80,0.00
19.41,0.80,0.00
19.42,0.81,0.00
19.43,0.81,0.00
19.44,0.81,0.00
19.45,0.81,0.00
19.46,0.81,0.00
19.47,0.82,0.00
19.48,0.82,0.00
19.49,0.82,0.00
19.50,0.82,0.00
19.51,0.82,0.00
19.52,0.83,0.00
19.53,0.83,0.00
19.54,0.83,0.00
19.55,0.83,0.00
19.56,0.83,0.00
19.57,0.84,0.00
19.58,0.84,0.00
19.59,0.84,0.00
19.60,0.84,0.00
19.61,0.84,0.00
19.62,0.85,0.00
19.63,0.85,0.00
19.64,0.85,0.00
19.65,0.85,0.00
19.66,0.85,0.00
19.67,0.85,0.00
19.68,0.86,0.00
19.69,0.86,0.00
19.70,0.86,0.00
19.71,0.86,0.00
19.72,0.86,0.00
19.73,0.86,0.00
19.74,0.87,0.00
19.75,0.87,0.00
19.76,0.87,0.00
19.77,0.87,0.00
19.78,0.87,0.00
19.79,0.87,0.00
19.80,0.87,0.00
19.81,0.88,0.00
19.82,0.88,0.00
19.83,0.88,0.00
19.84,0.88,0.00
19.85,0.88,0.00
19.87,0.88,0.00
19.88,0.88,0.00
19.89,0.89,0.00
19.90,0.89,0.00
19.91,0.89,0.00
19.92,0.89,0.00
19.93,0.89,0.00
19.94,0.89,0.00
19.95,0.89,0.00
19.96,0.89,0.00
19.97,0.90,0.00
19.98,0.90,0.00
19.99,0.90,0.00
20.00,0.90,0.00
20.01,0.90,0.00
20.02,0.90,0.00
20.03,0.90,0.00
20.04,0.90,0.00
20.05,0.91,0.00
20.06,0.91,0.00
20.07,0.91,0.00
20.08,0.91,0.00
20.09,0.91,0.00
20.10,0.91,0.00
20.11,0.91,0.00
20.12,0.91,0.00
20.13,0.91,0.00
20.14,0.91,0.00
20.15,0.91,0.00
20.16,0.92,0.00
20.17,0.92,0.00
20.18,0.92,0.00
20.19,0.92,0.00
20.20,0.92,0.00
20.21,0.92,0.00
20.22,0.92,0.00
20.23,0.92,0.00
20.24,0.92,0.00
20.25,0.92,0.00
20.26,0.92,0.00
20.27,0.92,0.00
20.28,0.92,0.00
20.29,0.93,0.00
20.30,0.93,0.00
20.31,0.93,0.00
20.32,0.93,0.00
20.33,0.93,0.00
20.34,0.93,0.00
20.35,0.93,0.00
20.36,0.93,0.00
20.37,0.93,0.00
20.38,0.93,0.00
20.39,0.93,0.00
20.40,0.93,0.00
20.41,0.93,0.00
20.42,0.93,0.00
20.43,0.93,0.00
20.44,0.93,0.00
20.45,0.93,0.00
20.46,0.93,0.00
20.47,0.93,0.00
20.48,0.93,0.00
20.49,0.94,0.00
20.50,0.94,0.00
20.51,0.94,0.00
20.52,0.94,0.00
20.53,0.94,0.00
20.54,0.94,0.00
20.55,0.94,0.00
20.56,0.94,0.00
20.58,0.94,0.00
20.59,0.94,0.00
20.60,0.94,0.00
20.61,0.94,0.00
20.62,0.94,0.00
20.63,0.94,0.00
20.64,0.94,0.00
20.65,0.94,0.00
20.66,0.94,0.00
20.67,0.94,0.00
20.68,0.94,0.00
20.69,0.94,0.00
20.70,0.94,0.00
20.71,0.94,0.00
20.72,0.94,0.00
20.73,0.94,0.00
20.74,0.94,0.00
20.75,0.94,0.00
20.76,0.94,0.00
20.77,0.94,0.00
20.78,0.94,0.00
20.79,0.94,0.00
20.80,0.94,0.00
20.81,0.94,0.00
20.82,0.94,0.00
20.83,0.94,0.00
20.84,0.94,0.00
20.85,0.94,0.00
20.86,0.93,0.00
20.87,0.93,0.00
20.88,0.93,0.00
20.89,0.93,0.00
20.90,0.93,0.00
20.91,0.93,0.00
20.92,0.93,0.00
20.93,0.93,0.00
20.94,0.93,0.00
20.95,0.93,0.00
20.96,0.93,0.00
20.97,0.93,0.00
20.98,0.93,0.00
20.99,0.93,0.00
21.00,0.93,0.00
21.01,0.93,0.00
21.02,0.93,0.00
21.03,0.93,0.00
21.04,0.93,0.00
21.05,0.93,0.00
21.06,0.93,0.00
21.07,0.92,0.00
21.08,0.92,0.00
21.09,0.92,0.00
21.10,0.92,0.00
21.11,0.92,0.00
21.12,0.92,0.00
21.13,0.92,0.00
21.14,0.92,0.00
21.15,0.92,0.00
21.16,0.92,0.00
21.18,0.92,0.00
21.19,0.92,0.00
21.20,0.92,0.00
21.21,0.91,0.00
21.22,0.91,0.00
21.23,0.91,0.00
21.24,0.91,0.00
21.25,0.91,0.00
21.26,0.91,0.00
21.27,0.91,0.00
21.28,0.91,0.00
21.29,0.91,0.00
21.30,0.91,0.00
21.31,0.91,0.00
21.32,0.90,0.00
21.33,0.90,0.00
21.34,0.90,0.00
21.35,0.90,0.00
21.36,0.90,0.00
21.37,0.90,0.00
21.38,0.90,0.00
21.39,0.90,0.00
21.40,0.90,0.00
21.41,0.89,0.00
21.42,0.89,0.00
21.43,0.89,0.00
21.44,0.89,0.00
21.45,0.89,0.00
21.46,0.89,0.00
21.47,0.89,0.00
21.48,0.89,0.00
21.49,0.88,0.00
21.50,0.88,0.00
21.51,0.88,0.00
21.52,0.88,0.00
21.53,0.88,0.00
21.54,0.88,0.00
21.55,0.88,0.00
21.56,0.87,0.00
21.57,0.87,0.00
21.58,0.87,0.00
21.59,0.87,0.00
21.60,0.87,0.00
21.61,0.87,0.00
21.62,0.87,0.00
21.63,0.86,0.00
21.64,0.86,0.00
21.65,0.86,0.00
21.66,0.86,0.00
21.67,0.86,0.00
21.68,0.86,0.00
21.69,0.86,0.00
21.70,0.85,0.00
21.71,0.85,0.00
21.72,0.85,0.00
21.73,0.85,0.00
21.74,0.85,0.00
21.75,0.85,0.00
21.76,0.84,0.00
21.77,0.84,0.00
21.78,0.84,0.00
21.79,0.84,0.00
21.80,0.84,0.00
21.81,0.84,0.00
21.82,0.83,0.00
21.83,0.83,0.00
21.84,0.83,0.00
21.85,0.83,0.00
21.86,0.83,0.00
21.87,0.82,0.00
21.88,0.82,0.00
21.89,0.82,0.00
21.90,0.82,0.00
21.91,0.82,0.00
21.92,0.81,0.00
21.93,0.81,0.00
21.94,0.81,0.00
21.95,0.81,0.00
21.96,0.81,0.00
21.97,0.80,0.00
21.98,0.80,0.00
21.99,0.80,0.00
22.00,0.80,0.00
22.01,0.80,0.00
22.02,0.79,0.00
22.03,0.79,0.00
22.04,0.79,0.00
22.05,0.79,0.00
22.06,0.79,0.00
22.07,0.78,0.00
22.08,0.78,0.00
22.09,0.78,0.00
22.10,0.78,0.00
22.11,0.78,0.00
22.12,0.77,0.00
22.13,0.77,0.00
22.14,0.77,0.00
22.15,0.77,0.00
22.16,0.76,0.00
22.17,0.76,0.00
22.18,0.76,0.00
22.19,0.76,0.00
22.20,0.76,0.00
22.21,0.75,0.00
22.22,0.75,0.00
22.23,0.75,0.00
22.24,0.75,0.00
22.25,0.74,0.00
22.26,0.74,0.00
22.27,0.74,0.00
22.28,0.74,0.00
22.29,0.73,0.00
22.30,0.73,0.00
22.31,0.73,0.00
22.32,0.73,0.00
22.33,0.72,0.00
22.34,0.72,0.00
22.35,0.72,0.00
22.36,0.72,0.00
22.37,0.71,0.00
22.38,0.71,0.00
22.39,0.71,0.00
22.40,0.71,0.00
22.41,0.70,0.00
22.42,0.70,0.00
22.43,0.70,0.00
22.44,0.70,0.00
22.45,0.69,0.00
22.46,0.69,0.00
22.47,0.69,0.00
22.48,0.69,0.00
22.49,0.68,0.00
22.50,0.68,0.00
22.51,0.68,0.00
22.52,0.68,0.00
22.53,0.67,0.00
22.54,0.67,0.00
22.54,0.67,0.00
22.55,0.66,0.00
22.56,0.66,0.00
22.57,0.66,0.00
22.58,0.66,0.00
22.59,0.65,0.00
22.60,0.65,0.00
22.61,0.65,0.00
22.62,0.65,0.00
22.63,0.64,0.00
22.64,0.64,0.00
22.65,0.64,0.00
22.66,0.63,0.00
22.67,0.63,0.00
22.68,0.63,0.00
22.69,0.63,0.00
22.70,0.62,0.00
22.71,0.62,0.00
22.72,0.62,0.00
22.73,0.61,0.00
22.74,0.61,0.00
22.75,0.61,0.00
22.76,0.60,0.00
22.77,0.60,0.00
22.78,0.60,0.00
22.79,0.60,0.00
22.80,0.59,0.00
22.81,0.59,0.00
22.82,0.59,0.00
22.83,0.58,0.00
22.84,0.58,0.00
22.85,0.58,0.00
22.86,0.57,0.00
22.87,0.57,0.00
22.88,0.57,0.00
22.89,0.56,0.00
22.90,0.56,0.00
22.91,0.56,0.00
22.92,0.56,0.00
22.92,0.55,0.00
22.93,0.55,0.00
22.94,0.55,0.00
22.95,0.54,0.00
22.96,0.54,0.00
22.97,0.54,0.00
22.98,0.53,0.00
22.99,0.53,0.00
23.00,0.53,0.00
23.01,0.52,0.00
23.02,0.52,0.00
23.03,0.52,0.00
23.04,0.51,0.00
23.05,0.51,0.00
23.06,0.51,0.00
23.07,0.50,0.00
23.08,0.50,0.00
23.09,0.50,0.00
23.10,0.49,0.00
23.11,0.49,0.00
23.12,0.49,0.00
23.13,0.48,0.00
23.14,0.48,0.00
23.15,0.48,0.00
23.16,0.47,0.00
23.17,0.47,0.00
23.18,0.47,0.00
23.18,0.46,0.00
23.19,0.46,0.00
23.20,0.46,0.00
23.21,0.45,0.00
23.22,0.45,0.00
23.23,0.45,0.00
23.24,0.44,0.00
23.25,0.44,0.00
23.26,0.44,0.00
23.27,0.43,0.00
23.28,0.43,0.00
23.29,0.42,0.00
23.30,0.42,0.00
23.31,0.42,0.00
23.32,0.41,0.00
23.33,0.41,0.00
23.34,0.41,0.00
23.35,0.40,0.00
23.36,0.40,0.00
23.37,0.40,0.00
23.38,0.39,0.00
23.39,0.39,0.00
23.39,0.39,0.00
23.40,0.38,0.00
23.41,0.38,0.00
23.42,0.37,0.00
23.43,0.37,0.00
23.44,0.37,0.00
23.45,0.36,0.00
23.46,0.36,0.00
23.47,0.36,0.00
23.48,0.35,0.00
23.49,0.35,0.00
23.50,0.34,0.00
23.51,0.34,0.00
23.52,0.34,0.00
23.53,0.33,0.00
23.54,0.33,0.00
23.55,0.33,0.00
23.56,0.32,0.00
23.57,0.32,0.00
23.57,0.31,0.00
23.58,0.31,0.00
23.59,0.31,0.00
23.60,0.30,0.00
23.61,0.30,0.00
23.62,0.30,0.00
23.63,0.29,0.00
23.64,0.29,0.00
23.65,0.28,0.00
23.66,0.28,0.00
23.67,0.28,0.00
23.68,0.27,0.00
23.69,0.27,0.00
23.70,0.26,0.00
23.71,0.26,0.00
23.72,0.26,0.00
23.73,0.25,0.00
23.73,0.25,0.00
23.74,0.25,0.00
23.75,0.24,0.00
23.76,0.24,0.00
23.77,0.23,0.00
23.78,0.23,0.00
23.79,0.23,0.00
23.80,0.22,0.00
23.81,0.22,0.00
23.82,0.21,0.00
23.83,0.21,0.00
23.84,0.21,0.00
23.85,0.20,0.00
23.86,0.20,0.00
23.87,0.19,0.00
23.88,0.19,0.00
23.88,0.19,0.00
23.89,0.18,0.00
23.90,0.18,0.00
23.91,0.17,0.00
23.92,0.17,0.00
23.93,0.16,0.00
23.94,0.16,0.00
23.95,0.16,0.00
23.96,0.15,0.00
23.97,0.15,0.00
23.98,0.14,0.00
23.99,0.14,0.00
24.00,0.14,0.00
24.01,0.13,0.00
24.02,0.13,0.00
24.02,0.12,0.00
24.03,0.12,0.00
24.04,0.12,0.00
24.05,0.11,0.00
24.06,0.11,0.00
24.07,0.10,0.00
24.08,0.10,0.00
24.09,0.09,0.00
24.10,0.09,0.00
24.11,0.09,0.00
24.12,0.08,0.00
24.13,0.08,0.00
24.14,0.07,0.00
24.14,0.07,0.00
24.15,0.06,0.00
24.16,0.06,0.00
24.17,0.06,0.00
24.18,0.05,0.00
24.19,0.05,0.00
24.20,0.04,0.00
24.21,0.04,0.00
24.22,0.03,0.00
24.23,0.03,0.00
24.24,0.03,0.00
24.25,0.02,0.00
24.26,0.02,0.00
24.26,0.01,0.00
24.27,0.01,0.00
24.28,0.00,0.00
24.29,0.00,0.00
24.30,-0.00,0.00
24.31,-0.01,0.00
24.32,-0.01,0.00
24.33,-0.02,0.00
24.34,-0.02,0.00
24.35,-0.03,0.00
24.36,-0.03,0.00
24.37,-0.03,0.00
24.38,-0.04,0.00
24.38,-0.04,0.00
24.39,-0.05,0.00
24.40,-0.05,0.00
24.41,-0.06,0.00
24.42,-0.06,0.00
24.43,-0.07,0.00
24.44,-0.07,0.00
24.45,-0.07,0.00
24.46,-0.08,0.00
24.47,-0.08,0.00
24.48,-0.09,0.00
24.49,-0.09,0.00
24.49,-0.10,0.00
24.50,-0.10,0.00
24.51,-0.11,0.00
24.52,-0.11,0.00
24.53,-0.11,0.00
24.54,-0.12,0.00
24.55,-0.12,0.00
24.56,-0.13,0.00
24.57,-0.13,0.00
24.58,-0.14,0.00
24.59,-0.14,0.00
24.59,-0.15,0.00
24.60,-0.15,0.00
24.61,-0.16,0.00
24.62,-0.16,0.00
24.63,-0.16,0.00
24.64,-0.17,0.00
24.65,-0.17,0.00
24.66,-0.18,0.00
24.67,-0.18,0.00
24.68,-0.19,0.00
24.69,-0.19,0.00
24.69,-0.20,0.00
24.70,-0.20,0.00
24.71,-0.21,0.00
24.72,-0.21,0.00
24.73,-0.21,0.00
24.74,-0.22,0.00
24.75,-0.22,0.00
24.76,-0.23,0.00
24.77,-0.23,0.00
24.78,-0.24,0.00
24.79,-0.24,0.00
24.79,-0.25,0.00
24.80,-0.25,0.00
24.81,-0.26,0.00
24.82,-0.26,0.00
24.83,-0.27,0.00
24.84,-0.27,0.00
24.85,-0.28,0.00
24.86,-0.28,0.00
24.87,-0.28,0.00
24.88,-0.29,0.00
24.89,-0.29,0.00
24.89,-0.30,0.00
24.90,-0.30,0.00
24.91,-0.31,0.00
24.92,-0.31,0.00
24.93,-0.32,0.00
24.94,-0.32,0.00
24.95,-0.33,0.00
24.96,-0.33,0.00
24.97,-0.34,0.00
24.98,-0.34,0.00
24.98,-0.35,0.00
24.99,-0.35,0.00
25.00,-0.36,0.00
25.01,-0.36,0.00
25.02,-0.36,0.00
25.03,-0.37,0.00
25.04,-0.37,0.00
25.05,-0.38,0.00
25.06,-0.38,0.00
25.07,-0.39,0.00
25.07,-0.39,0.00
25.08,-0.40,0.00
25.09,-0.40,0.00
25.10,-0.41,0.00
25.11,-0.41,0.00
25.12,-0.42,0.00
25.13,-0.42,0.00
25.14,-0.43,0.00
25.15,-0.43,0.00
25.16,-0.44,0.00
25.16,-0.44,0.00
25.17,-0.45,0.00
25.18,-0.45,0.00
25.19,-0.46,0.00
25.20,-0.46,0.00
25.21,-0.46,0.00
25.22,-0.47,0.00
25.23,-0.47,0.00
25.24,-0.48,0.00
25.25,-0.48,0.00
25.25,-0.49,0.00
25.26,-0.49,0.00
25.27,-0.50,0.00
25.28,-0.50,0.00
25.29,-0.51,0.00
25.30,-0.51,0.00
25.31,-0.52,0.00
25.32,-0.52,0.00
25.33,-0.53,0.00
25.33,-0.53,0.00
25.34,-0.54,0.00
25.35,-0.54,0.00
25.36,-0.55,0.00
25.37,-0.55,0.00
25.38,-0.56,0.00
25.39,-0.56,0.00
25.40,-0.57,0.00
25.41,-0.57,0.00
25.42,-0.58,0.00
25.42,-0.58,0.00
25.43,-0.59,0.00
25.44,-0.59,0.00
25.45,-0.60,0.00
25.46,-0.60,0.00
25.47,-0.61,0.00
25.48,-0.61,0.00
25.49,-0.62,0.00
25.50,-0.62,0.00
25.50,-0.63,0.00
25.51,-0.63,0.00
25.52,-0.64,0.00
25.53,-0.64,0.00
25.54,-0.65,0.00
25.55,-0.65,0.00
25.56,-0.66,0.00
25.57,-0.66,0.00
25.58,-0.66,0.00
25.58,-0.67,0.00
25.59,-0.67,0.00
25.60,-0.68,0.00
25.61,-0.68,0.00
25.62,-0.69,0.00
25.63,-0.69,0.00
25.64,-0.70,0.00
25.65,-0.70,0.00
25.66,-0.71,0.00
25.66,-0.71,0.00
25.67,-0.72,0.00
25.68,-0.72,0.00
25.69,-0.73,0.00
25.70,-0.73,0.00
25.71,-0.74,0.00
25.72,-0.74,0.00
25.73,-0.75,0.00
25.74,-0.75,0.00
25.74,-0.76,0.00
25.75,-0.76,0.00
25.76,-0.77,0.00
25.77,-0.77,0.00
25.78,-0.78,0.00
25.79,-0.78,0.00
25.80,-0.79,0.00
25.81,-0.79,0.00
25.82,-0.80,0.00
25.82,-0.80,0.00
25.83,-0.81,0.00
25.84,-0.81,0.00
25.85,-0.82,0.00
25.86,-0.82,0.00
25.87,-0.83,0.00
25.88,-0.83,0.00
25.89,-0.84,0.00
25.90,-0.84,0.00
25.90,-0.85,0.00
25.91,-0.85,0.00
25.92,-0.86,0.00
25.93,-0.86,0.00
25.94,-0.87,0.00
25.95,-0.87,0.00
25.96,-0.88,0.00
25.97,-0.88,0.00
25.98,-0.89,0.00
25.98,-0.89,0.00
25.99,-0.90,0.00
26.00,-0.90,0.00
26.01,-0.91,0.00
26.02,-0.91,0.00
26.03,-0.92,0.00
26.04,-0.92,0.00
26.05,-0.93,0.00
26.05,-0.93,0.00
26.06,-0.94,0.00
26.07,-0.94,0.00
26.08,-0.95,0.00
26.09,-0.95,0.00
26.10,-0.96,0.00
26.11,-0.96,0.00
26.12,-0.97,0.00
26.13,-0.97,0.00
26.13,-0.98,0.00
26.14,-0.98,0.00
26.15,-0.99,0.00
26.16,-0.99,0.00
26.17,-1.00,0.00
26.18,-1.00,0.00
26.19,-1.01,0.00
26.20,-1.01,0.00
26.21,-1.02,0.00
26.21,-1.02,0.00
26.22,-1.03,0.00
26.23,-1.03,0.00
26.24,-1.04,0.00
26.25,-1.04,0.00
26.26,-1.05,0.00
26.27,-1.05,0.00
26.28,-1.06,0.00
26.28,-1.06,0.00
26.29,-1.07,0.00
26.30,-1.07,0.00
26.31,-1.08,0.00
26.32,-1.08,0.00
26.33,-1.09,0.00
26.34,-1.10,0.00
26.35,-1.10,0.00
26.36,-1.11,0.00
26.36,-1.11,0.00
26.37,-1.12,0.00
26.38,-1.12,0.00
26.39,-1.13,0.00
26.40,-1.13,0.00
26.41,-1.14,0.00
26.42,-1.14,0.00
26.43,-1.15,0.00
26.44,-1.15,0.00
26.44,-1.16,0.00
26.45,-1.16,0.00
26.46,-1.17,0.00
26.47,-1.17,0.00
26.48,-1.18,0.00
26.49,-1.18,0.00
26.50,-1.19,0.00
26.51,-1.19,0.00
26.51,-1.20,0.00
26.52,-1.20,0.00
26.53,-1.21,0.00
26.54,-1.21,0.00
26.55,-1.22,0.00
26.56,-1.22,0.00
26.57,-1.23,0.00
26.58,-1.23,0.00
26.59,-1.24,0.00
26.59,-1.24,0.00
26.60,-1.25,0.00
26.61,-1.25,0.00
26.62,-1.26,0.00
26.63,-1.26,0.00
26.64,-1.27,0.00
26.65,-1.27,0.00
26.66,-1.28,0.00
26.67,-1.28,0.00
26.67,-1.29,0.00
26.68,-1.29,0.00
26.69,-1.30,0.00
26.70,-1.30,0.00
26.71,-1.31,0.00
26.72,-1.31,0.00
26.73,-1.32,0.00
26.74,-1.32,0.00
26.74,-1.33,0.00
26.75,-1.33,0.00
26.76,-1.34,0.00
26.77,-1.34,0.00
26.78,-1.35,0.00
26.79,-1.35,0.00
26.80,-1.36,0.00
26.81,-1.36,0.00
26.82,-1.37,0.00
26.82,-1.37,0.00
26.83,-1.38,0.00
26.84,-1.38,0.00
26.85,-1.39,0.00
26.86,-1.39,0.00
26.87,-1.40,0.00
26.88,-1.40,0.00
26.89,-1.41,0.00
26.90,-1.41,0.00
26.90,-1.42,0.00
26.91,-1.42,0.00
26.92,-1.43,0.00
26.93,-1.43,0.00
26.94,-1.44,0.00
26.95,-1.44,0.00
26.96,-1.45,0.00
26.97,-1.45,0.00
26.98,-1.46,0.00
26.98,-1.46,0.00
26.99,-1.47,0.00
27.00,-1.47,0.00
27.01,-1.48,0.00
27.02,-1.48,0.00
27.03,-1.49,0.00
27.04,-1.49,0.00
27.05,-1.50,0.00
27.06,-1.50,0.00
27.06,-1.51,0.00
27.07,-1.51,0.00
27.08,-1.52,0.00
27.09,-1.52,0.00
27.10,-1.53,0.00
27.11,-1.53,0.00
27.12,-1.54,0.00
27.13,-1.54,0.00
27.14,-1.55,0.00
27.14,-1.55,0.00
27.15,-1.56,0.00
27.16,-1.56,0.00
27.17,-1.57,0.00
27.18,-1.57,0.00
27.19,-1.58,0.00
27.20,-1.58,0.00
27.21,-1.59,0.00
27.22,-1.59,0.00
27.22,-1.60,0.00
27.23,-1.60,0.00
27.24,-1.61,0.00
27.25,-1.61,0.00
27.26,-1.61,0.00
27.27,-1.62,0.00
27.28,-1.62,0.00
27.29,-1.63,0.00
27.30,-1.63,0.00
27.30,-1.64,0.00
27.31,-1.64,0.00
27.32,-1.65,0.00
27.33,-1.65,0.00
27.34,-1.66,0.00
27.35,-1.66,0.00
27.36,-1.67,0.00
27.37,-1.67,0.00
27.38,-1.68,0.00
27.39,-1.68,0.00
27.39,-1.69,0.00
27.40,-1.69,0.00
27.41,-1.70,0.00
27.42,-1.70,0.00
27.43,-1.71,0.00
27.44,-1.71,0.00
27.45,-1.72,0.00
27.46,-1.72,0.00
27.47,-1.73,0.00
27.47,-1.73,0.00
27.48,-1.74,0.00
27.49,-1.74,0.00
27.50,-1.75,0.00
27.51,-1.75,0.00
27.52,-1.76,0.00
27.53,-1.76,0.00
27.54,-1.77,0.00
27.55,-1.77,0.00
27.56,-1.77,0.00
27.56,-1.78,0.00
27.57,-1.78,0.00
27.58,-1.79,0.00
27.59,-1.79,0.00
27.60,-1.80,0.00
27.61,-1.80,0.00
27.62,-1.81,0.00
27.63,-1.81,0.00
27.64,-1.82,0.00
27.65,-1.82,0.00
27.66,-1.83,0.00
27.66,-1.83,0.00
27.67,-1.84,0.00
27.68,-1.84,0.00
27.69,-1.84,0.00
27.70,-1.85,0.00
27.71,-1.85,0.00
27.72,-1.86,0.00
27.73,-1.86,0.00
27.74,-1.87,0.00
27.75,-1.87,0.00
27.75,-1.88,0.00
27.76,-1.88,0.00
27.77,-1.89,0.00
27.78,-1.89,0.00
27.79,-1.89,0.00
27.80,-1.90,0.00
27.81,-1.90,0.00
27.82,-1.91,0.00
27.83,-1.91,0.00
27.84,-1.92,0.00
27.85,-1.92,0.00
27.86,-1.93,0.00
27.86,-1.93,0.00
27.87,-1.94,0.00
27.88,-1.94,0.00
27.89,-1.94,0.00
27.90,-1.95,0.00
27.91,-1.95,0.00
27.92,-1.96,0.00
27.93,-1.96,0.00
27.94,-1.97,0.00
27.95,-1.97,0.00
27.96,-1.97,0.00
27.97,-1.98,0.00
27.97,-1.98,0.00
27.98,-1.99,0.00
27.99,-1.99,0.00
28.00,-2.00,0.00
28.01,-2.00,0.00
28.02,-2.00,0.00
28.03,-2.01,0.00
28.04,-2.01,0.00
28.05,-2.02,0.00
28.06,-2.02,0.00
28.07,-2.03,0.00
28.08,-2.03,0.00
28.09,-2.03,0.00
28.10,-2.04,0.00
28.10,-2.04,0.00
28.11,-2.05,0.00
28.12,-2.05,0.00
28.13,-2.06,0.00
28.14,-2.06,0.00
28.15,-2.06,0.00
28.16,-2.07,0.00
28.17,-2.07,0.00
28.18,-2.08,0.00
28.19,-2.08,0.00
28.20,-2.08,0.00
28.21,-2.09,0.00
28.22,-2.09,0.00
28.23,-2.10,0.00
28.23,-2.10,0.00
28.24,-2.10,0.00
28.25,-2.11,0.00
28.26,-2.11,0.00
28.27,-2.12,0.00
28.28,-2.12,0.00
28.29,-2.12,0.00
28.30,-2.13,0.00
28.31,-2.13,0.00
28.32,-2.14,0.00
28.33,-2.14,0.00
28.34,-2.14,0.00
28.35,-2.15,0.00
28.36,-2.15,0.00
28.37,-2.15,0.00
28.38,-2.16,0.00
28.39,-2.16,0.00
28.39,-2.17,0.00
28.40,-2.17,0.00
28.41,-2.17,0.00
28.42,-2.18,0.00
28.43,-2.18,0.00
28.44,-2.18,0.00
28.45,-2.19,0.00
28.46,-2.19,0.00
28.47,-2.20,0.00
28.48,-2.20,0.00
28.49,-2.20,0.00
28.50,-2.21,0.00
28.51,-2.21,0.00
28.52,-2.21,0.00
28.53,-2.22,0.00
28.54,-2.22,0.00
28.55,-2.22,0.00
28.56,-2.23,0.00
28.57,-2.23,0.00
28.58,-2.24,0.00
28.58,-2.24,0.00
28.59,-2.24,0.00
28.60,-2.25,0.00
28.61,-2.25,0.00
28.62,-2.25,0.00
28.63,-2.26,0.00
28.64,-2.26,0.00
28.65,-2.26,0.00
28.66,-2.27,0.00
28.67,-2.27,0.00
28.68,-2.27,0.00
28.69,-2.28,0.00
28.70,-2.28,0.00
28.71,-2.28,0.00
28.72,-2.29,0.00
28.73,-2.29,0.00
28.74,-2.29,0.00
28.75,-2.30,0.00
28.76,-2.30,0.00
28.77,-2.30,0.00
28.78,-2.30,0.00
28.79,-2.31,0.00
28.80,-2.31,0.00
28.81,-2.31,0.00
28.82,-2.32,0.00
28.83,-2.32,0.00
28.84,-2.32,0.00
28.85,-2.33,0.00
28.86,-2.33,0.00
28.86,-2.33,0.00
28.87,-2.34,0.00
28.88,-2.34,0.00
28.89,-2.34,0.00
28.90,-2.34,0.00
28.91,-2.35,0.00
28.92,-2.35,0.00
28.93,-2.35,0.00
28.94,-2.36,0.00
28.95,-2.36,0.00
28.96,-2.36,0.00
28.97,-2.36,0.00
28.98,-2.37,0.00
28.99,-2.37,0.00
29.00,-2.37,0.00
29.01,-2.37,0.00
29.02,-2.38,0.00
29.03,-2.38,0.00
29.04,-2.38,0.00
29.05,-2.39,0.00
29.06,-2.39,0.00
29.07,-2.39,0.00
29.08,-2.39,0.00
29.09,-2.40,0.00
29.10,-2.40,0.00
29.11,-2.40,0.00
29.12,-2.40,0.00
29.13,-2.41,0.00
29.14,-2.41,0.00
29.15,-2.41,0.00
29.16,-2.41,0.00
29.17,-2.41,0.00
29.18,-2.42,0.00
29.19,-2.42,0.00
29.20,-2.42,0.00
29.21,-2.42,0.00
29.22,-2.43,0.00
29.23,-2.43,0.00
29.24,-2.43,0.00
29.25,-2.43,0.00
29.26,-2.43,0.00
29.27,-2.44,0.00
29.28,-2.44,0.00
29.29,-2.44,0.00
29.30,-2.44,0.00
29.31,-2.45,0.00
29.32,-2.45,0.00
29.33,-2.45,0.00
29.34,-2.45,0.00
29.35,-2.45,0.00
29.36,-2.45,0.00
29.37,-2.46,0.00
29.38,-2.46,0.00
29.39,-2.46,0.00
29.40,-2.46,0.00
29.41,-2.46,0.00
29.42,-2.47,0.00
29.43,-2.47,0.00
29.44,-2.47,0.00
29.45,-2.47,0.00
29.46,-2.47,0.00
29.47,-2.47,0.00
29.48,-2.48,0.00
29.49,-2.48,0.00
29.50,-2.48,0.00
29.51,-2.48,0.00
29.52,-2.48,0.00
29.53,-2.48,0.00
11.22,-4.17,0.00
11.23,-4.17,0.00
11.24,-4.17,0.00
11.25,-4.17,0.00
11.26,-4.16,0.00
11.27,-4.16,0.00
11.28,-4.16,0.00
11.28,-4.16,0.00
11.29,-4.15,0.00
11.30,-4.15,0.00
11.31,-4.15,0.00
11.32,-4.15,0.00
11.33,-4.14,0.00
11.34,-4.14,0.00
11.35,-4.14,0.00
11.36,-4.14,0.00
11.37,-4.14,0.00
11.38,-4.13,0.00
11.39,-4.13,0.00
11.40,-4.13,0.00
11.41,-4.13,0.00
11.42,-4.12,0.00
11.43,-4.12,0.00
11.44,-4.12,0.00
11.45,-4.11,0.00
11.46,-4.11,0.00
11.47,-4.11,0.00
11.48,-4.11,0.00
11.49,-4.10,0.00
11.50,-4.10,0.00
11.51,-4.10,0.00
11.51,-4.10,0.00
11.52,-4.09,0.00
11.53,-4.09,0.00
11.54,-4.09,0.00
11.55,-4.09,0.00
11.56,-4.08,0.00
11.57,-4.08,0.00
11.58,-4.08,0.00
11.59,-4.07,0.00
11.60,-4.07,0.00
11.61,-4.07,0.00
11.62,-4.07,0.00
11.63,-4.06,0.00
11.64,-4.06,0.00
11.65,-4.06,0.00
11.66,-4.05,0.00
11.67,-4.05,0.00
11.68,-4.05,0.00
11.69,-4.05,0.00
11.70,-4.04,0.00
11.70,-4.04,0.00
11.71,-4.04,0.00
11.72,-4.03,0.00
11.73,-4.03,0.00
11.74,-4.03,0.00
11.75,-4.03,0.00
11.76,-4.02,0.00
11.77,-4.02,0.00
11.78,-4.02,0.00
11.79,-4.01,0.00
11.80,-4.01,0.00
11.81,-4.01,0.00
11.82,-4.00,0.00
11.83,-4.00,0.00
11.84,-4.00,0.00
11.85,-3.99,0.00
11.86,-3.99,0.00
11.87,-3.99,0.00
11.87,-3.98,0.00
11.88,-3.98,0.00
11.89,-3.98,0.00
11.90,-3.98,0.00
11.91,-3.97,0.00
11.92,-3.97,0.00
11.93,-3.97,0.00
11.94,-3.96,0.00
11.95,-3.96,0.00
11.96,-3.96,0.00
11.97,-3.95,0.00
11.98,-3.95,0.00
11.99,-3.95,0.00
12.00,-3.94,0.00
12.01,-3.94,0.00
12.01,-3.94,0.00
12.02,-3.93,0.00
12.03,-3.93,0.00
12.04,-3.93,0.00
12.05,-3.92,0.00
12.06,-3.92,0.00
12.07,-3.92,0.00
12.08,-3.91,0.00
12.09,-3.91,0.00
12.10,-3.90,0.00
12.11,-3.90,0.00
12.12,-3.90,0.00
12.13,-3.89,0.00
12.14,-3.89,0.00
12.14,-3.89,0.00
12.15,-3.88,0.00
12.16,-3.88,0.00
12.17,-3.88,0.00
12.18,-3.87,0.00
12.19,-3.87,0.00
12.20,-3.87,0.00
12.21,-3.86,0.00
12.22,-3.86,0.00
12.23,-3.86,0.00
12.24,-3.85,0.00
12.25,-3.85,0.00
12.26,-3.84,0.00
12.27,-3.84,0.00
12.27,-3.84,0.00
12.28,-3.83,0.00
12.29,-3.83,0.00
12.30,-3.83,0.00
12.31,-3.82,0.00
12.32,-3.82,0.00
12.33,-3.81,0.00
12.34,-3.81,0.00
12.35,-3.81,0.00
12.36,-3.80,0.00
12.37,-3.80,0.00
12.38,-3.80,0.00
12.38,-3.79,0.00
12.39,-3.79,0.00
12.40,-3.78,0.00
12.41,-3.78,0.00
12.42,-3.78,0.00
12.43,-3.77,0.00
12.44,-3.77,0.00
12.45,-3.77,0.00
12.46,-3.76,0.00
12.47,-3.76,0.00
12.48,-3.75,0.00
12.48,-3.75,0.00
12.49,-3.75,0.00
12.50,-3.74,0.00
12.51,-3.74,0.00
12.52,-3.73,0.00
12.53,-3.73,0.00
12.54,-3.73,0.00
12.55,-3.72,0.00
12.56,-3.72,0.00
12.57,-3.71,0.00
12.58,-3.71,0.00
12.58,-3.71,0.00
12.59,-3.70,0.00
12.60,-3.70,0.00
12.61,-3.69,0.00
12.62,-3.69,0.00
12.63,-3.69,0.00
12.64,-3.68,0.00
12.65,-3.68,0.00
12.66,-3.67,0.00
12.67,-3.67,0.00
12.68,-3.67,0.00
12.68,-3.66,0.00
12.69,-3.66,0.00
12.70,-3.65,0.00
12.71,-3.65,0.00
12.72,-3.65,0.00
12.73,-3.64,0.00
12.74,-3.64,0.00
12.75,-3.63,0.00
12.76,-3.63,0.00
12.77,-3.62,0.00
12.77,-3.62,0.00
12.78,-3.62,0.00
12.79,-3.61,0.00
12.80,-3.61,0.00
12.81,-3.60,0.00
12.82,-3.60,0.00
12.83,-3.59,0.00
12.84,-3.59,0.00
12.85,-3.59,0.00
12.85,-3.58,0.00
12.86,-3.58,0.00
12.87,-3.57,0.00
12.88,-3.57,0.00
12.89,-3.56,0.00
12.90,-3.56,0.00
12.91,-3.56,0.00
12.92,-3.55,0.00
12.93,-3.55,0.00
12.94,-3.54,0.00
12.94,-3.54,0.00
12.95,-3.53,0.00
12.96,-3.53,0.00
12.97,-3.53,0.00
12.98,-3.52,0.00
12.99,-3.52,0.00
13.00,-3.51,0.00
13.01,-3.51,0.00
13.02,-3.50,0.00
13.02,-3.50,0.00
13.03,-3.50,0.00
13.04,-3.49,0.00
13.05,-3.49,0.00
13.06,-3.48,0.00
13.07,-3.48,0.00
13.08,-3.47,0.00
13.09,-3.47,0.00
13.09,-3.46,0.00
13.10,-3.46,0.00
13.11,-3.46,0.00
13.12,-3.45,0.00
13.13,-3.45,0.00
13.14,-3.44,0.00
13.15,-3.44,0.00
13.16,-3.43,0.00
13.17,-3.43,0.00
13.17,-3.42,0.00
13.18,-3.42,0.00
13.19,-3.41,0.00
13.20,-3.41,0.00
13.21,-3.41,0.00
13.22,-3.40,0.00
13.23,-3.40,0.00
13.24,-3.39,0.00
13.24,-3.39,0.00
13.25,-3.38,0.00
13.26,-3.38,0.00
13.27,-3.37,0.00
13.28,-3.37,0.00
13.29,-3.36,0.00
13.30,-3.36,0.00
13.31,-3.35,0.00
13.32,-3.35,0.00
13.32,-3.35,0.00
13.33,-3.34,0.00
13.34,-3.34,0.00
13.35,-3.33,0.00
13.36,-3.33,0.00
13.37,-3.32,0.00
13.38,-3.32,0.00
13.39,-3.31,0.00
13.39,-3.31,0.00
13.40,-3.30,0.00
13.41,-3.30,0.00
13.42,-3.29,0.00
13.43,-3.29,0.00
13.44,-3.28,0.00
13.45,-3.28,0.00
13.45,-3.28,0.00
13.46,-3.27,0.00
13.47,-3.27,0.00
13.48,-3.26,0.00
13.49,-3.26,0.00
13.50,-3.25,0.00
13.51,-3.25,0.00
13.52,-3.24,0.00
13.52,-3.24,0.00
13.53,-3.23,0.00
13.54,-3.23,0.00
13.55,-3.22,0.00
13.56,-3.22,0.00
13.57,-3.21,0.00
13.58,-3.21,0.00
13.59,-3.20,0.00
13.59,-3.20,0.00
13.60,-3.19,0.00
13.61,-3.19,0.00
13.62,-3.18,0.00
13.63,-3.18,0.00
13.64,-3.18,0.00
13.65,-3.17,0.00
13.65,-3.17,0.00
13.66,-3.16,0.00
13.67,-3.16,0.00
13.68,-3.15,0.00
13.69,-3.15,0.00
13.70,-3.14,0.00
13.71,-3.14,0.00
13.72,-3.13,0.00
13.72,-3.13,0.00
13.73,-3.12,0.00
13.74,-3.12,0.00
13.75,-3.11,0.00
13.76,-3.11,0.00
13.77,-3.10,0.00
13.78,-3.10,0.00
13.78,-3.09,0.00
13.79,-3.09,0.00
13.80,-3.08,0.00
13.81,-3.08,0.00
13.82,-3.07,0.00
13.83,-3.07,0.00
13.84,-3.06,0.00
13.85,-3.06,0.00
13.85,-3.05,0.00
13.86,-3.05,0.00
13.87,-3.05,0.00
13.88,-3.04,0.00
13.89,-3.04,0.00
13.90,-3.03,0.00
13.91,-3.03,0.00
13.91,-3.02,0.00
13.92,-3.02,0.00
13.93,-3.01,0.00
13.94,-3.01,0.00
13.95,-3.00,0.00
13.96,-3.00,0.00
13.97,-2.99,0.00
13.97,-2.99,0.00
13.98,-2.98,0.00
13.99,-2.98,0.00
14.00,-2.97,0.00
14.01,-2.97,0.00
14.02,-2.96,0.00
14.03,-2.96,0.00
14.04,-2.95,0.00
14.04,-2.95,0.00
14.05,-2.94,0.00
14.06,-2.94,0.00
14.07,-2.93,0.00
14.08,-2.93,0.00
14.09,-2.92,0.00
14.10,-2.92,0.00
14.10,-2.91,0.00
14.11,-2.91,0.00
14.12,-2.90,0.00
14.13,-2.90,0.00
14.14,-2.89,0.00
14.15,-2.89,0.00
14.16,-2.88,0.00
14.16,-2.88,0.00
14.17,-2.87,0.00
14.18,-2.87,0.00
14.19,-2.86,0.00
14.20,-2.86,0.00
14.21,-2.85,0.00
14.22,-2.85,0.00
14.22,-2.85,0.00
14.23,-2.84,0.00
14.24,-2.84,0.00
14.25,-2.83,0.00
14.26,-2.83,0.00
14.27,-2.82,0.00
14.28,-2.82,0.00
14.29,-2.81,0.00
14.29,-2.81,0.00
14.30,-2.80,0.00
14.31,-2.80,0.00
14.32,-2.79,0.00
14.33,-2.79,0.00
14.34,-2.78,0.00
14.35,-2.78,0.00
14.35,-2.77,0.00
14.36,-2.77,0.00
14.37,-2.76,0.00
14.38,-2.76,0.00
14.39,-2.75,0.00
14.40,-2.75,0.00
14.41,-2.74,0.00
14.41,-2.74,0.00
14.42,-2.73,0.00
14.43,-2.73,0.00
14.44,-2.72,0.00
14.45,-2.72,0.00
14.46,-2.71,0.00
14.47,-2.71,0.00
14.47,-2.70,0.00
14.48,-2.70,0.00
14.49,-2.69,0.00
14.50,-2.69,0.00
14.51,-2.68,0.00
14.52,-2.68,0.00
14.53,-2.67,0.00
14.53,-2.67,0.00
14.54,-2.66,0.00
14.55,-2.66,0.00
14.56,-2.65,0.00
14.57,-2.65,0.00
14.58,-2.64,0.00
14.59,-2.64,0.00
14.59,-2.63,0.00
14.60,-2.63,0.00
14.61,-2.62,0.00
14.62,-2.62,0.00
14.63,-2.61,0.00
14.64,-2.61,0.00
14.65,-2.60,0.00
14.66,-2.60,0.00
14.66,-2.59,0.00
14.67,-2.59,0.00
14.68,-2.58,0.00
14.69,-2.58,0.00
14.70,-2.57,0.00
14.71,-2.57,0.00
14.72,-2.56,0.00
14.72,-2.56,0.00
14.73,-2.56,0.00
14.74,-2.55,0.00
14.75,-2.55,0.00
14.76,-2.54,0.00
14.77,-2.54,0.00
14.78,-2.53,0.00
14.78,-2.53,0.00
14.79,-2.52,0.00
14.80,-2.52,0.00
14.81,-2.51,0.00
14.82,-2.51,0.00
14.83,-2.50,0.00
14.84,-2.50,0.00
14.84,-2.49,0.00
14.85,-2.49,0.00
14.86,-2.48,0.00
14.87,-2.48,0.00
14.88,-2.47,0.00
14.89,-2.47,0.00
14.90,-2.46,0.00
14.90,-2.46,0.00
14.91,-2.45,0.00
14.92,-2.45,0.00
14.93,-2.44,0.00
14.94,-2.44,0.00
14.95,-2.43,0.00
14.96,-2.43,0.00
14.97,-2.42,0.00
14.97,-2.42,0.00
14.98,-2.41,0.00
14.99,-2.41,0.00
15.00,-2.40,0.00
15.01,-2.40,0.00
15.02,-2.39,0.00
15.03,-2.39,0.00
15.03,-2.38,0.00
15.04,-2.38,0.00
15.05,-2.37,0.00
15.06,-2.37,0.00
15.07,-2.36,0.00
15.08,-2.36,0.00
15.09,-2.35,0.00
15.09,-2.35,0.00
15.10,-2.34,0.00
15.11,-2.34,0.00
15.12,-2.34,0.00
15.13,-2.33,0.00
15.14,-2.33,0.00
15.15,-2.32,0.00
15.16,-2.32,0.00
15.16,-2.31,0.00
15.17,-2.31,0.00
15.18,-2.30,0.00
15.19,-2.30,0.00
15.20,-2.29,0.00
15.21,-2.29,0.00
15.22,-2.28,0.00
15.22,-2.28,0.00
15.23,-2.27,0.00
15.24,-2.27,0.00
15.25,-2.26,0.00
15.26,-2.26,0.00
15.27,-2.25,0.00
15.28,-2.25,0.00
15.28,-2.24,0.00
15.29,-2.24,0.00
15.30,-2.23,0.00
15.31,-2.23,0.00
15.32,-2.22,0.00
15.33,-2.22,0.00
15.34,-2.21,0.00
15.35,-2.21,0.00
15.35,-2.20,0.00
15.36,-2.20,0.00
15.37,-2.19,0.00
15.38,-2.19,0.00
15.39,-2.19,0.00
15.40,-2.18,0.00
15.41,-2.18,0.00
15.41,-2.17,0.00
15.42,-2.17,0.00
15.43,-2.16,0.00
15.44,-2.16,0.00
15.45,-2.15,0.00
15.46,-2.15,0.00
15.47,-2.14,0.00
15.48,-2.14,0.00
15.48,-2.13,0.00
15.49,-2.13,0.00
15.50,-2.12,0.00
15.51,-2.12,0.00
15.52,-2.11,0.00
15.53,-2.11,0.00
15.54,-2.10,0.00
15.55,-2.10,0.00
15.55,-2.09,0.00
15.56,-2.09,0.00
15.57,-2.09,0.00
15.58,-2.08,0.00
15.59,-2.08,0.00
15.60,-2.07,0.00
15.61,-2.07,0.00
15.61,-2.06,0.00
15.62,-2.06,0.00
15.63,-2.05,0.00
15.64,-2.05,0.00
15.65,-2.04,0.00
15.66,-2.04,0.00
15.67,-2.03,0.00
15.68,-2.03,0.00
15.68,-2.02,0.00
15.69,-2.02,0.00
15.70,-2.01,0.00
15.71,-2.01,0.00
15.72,-2.01,0.00
15.73,-2.00,0.00
15.74,-2.00,0.00
15.75,-1.99,0.00
15.75,-1.99,0.00
15.76,-1.98,0.00
15.77,-1.98,0.00
15.78,-1.97,0.00
15.79,-1.97,0.00
15.80,-1.96,0.00
15.81,-1.96,0.00
15.82,-1.95,0.00
15.82,-1.95,0.00
15.83,-1.94,0.00
15.84,-1.94,0.00
15.85,-1.94,0.00
15.86,-1.93,0.00
15.87,-1.93,0.00
15.88,-1.92,0.00
15.89,-1.92,0.00
15.89,-1.91,0.00
15.90,-1.91,0.00
15.91,-1.90,0.00
15.92,-1.90,0.00
15.93,-1.89,0.00
15.94,-1.89,0.00
15.95,-1.88,0.00
15.96,-1.88,0.00
15.96,-1.88,0.00
15.97,-1.87,0.00
15.98,-1.87,0.00
15.99,-1.86,0.00
16.00,-1.86,0.00
16.01,-1.85,0.00
16.02,-1.85,0.00
16.03,-1.84,0.00
16.04,-1.84,0.00
16.04,-1.83,0.00
16.05,-1.83,0.00
16.06,-1.83,0.00
16.07,-1.82,0.00
16.08,-1.82,0.00
16.09,-1.81,0.00
16.10,-1.81,0.00
16.11,-1.80,0.00
16.11,-1.80,0.00
16.12,-1.79,0.00
16.13,-1.79,0.00
16.14,-1.79,0.00
16.15,-1.78,0.00
16.16,-1.78,0.00
16.17,-1.77,0.00
16.18,-1.77,0.00
16.19,-1.76,0.00
16.19,-1.76,0.00
16.20,-1.75,0.00
16.21,-1.75,0.00
16.22,-1.75,0.00
16.23,-1.74,0.00
16.24,-1.74,0.00
16.25,-1.73,0.00
16.26,-1.73,0.00
16.27,-1.72,0.00
16.27,-1.72,0.00
16.28,-1.71,0.00
16.29,-1.71,0.00
16.30,-1.71,0.00
16.31,-1.70,0.00
16.32,-1.70,0.00
16.33,-1.69,0.00
16.34,-1.69,0.00
16.35,-1.68,0.00
16.35,-1.68,0.00
16.36,-1.67,0.00
16.37,-1.67,0.00
16.38,-1.67,0.00
16.39,-1.66,0.00
16.40,-1.66,0.00
16.41,-1.65,0.00
16.42,-1.65,0.00
16.43,-1.64,0.00
16.43,-1.64,0.00
16.44,-1.64,0.00
16.45,-1.63,0.00
16.46,-1.63,0.00
16.47,-1.62,0.00
16.48,-1.62,0.00
16.49,-1.61,0.00
16.50,-1.61,0.00
16.51,-1.61,0.00
16.51,-1.60,0.00
16.52,-1.60,0.00
16.53,-1.59,0.00
16.54,-1.59,0.00
16.55,-1.59,0.00
16.56,-1.58,0.00
16.57,-1.58,0.00
16.58,-1.57,0.00
16.59,-1.57,0.00
16.60,-1.56,0.00
16.60,-1.56,0.00
16.61,-1.56,0.00
16.62,-1.55,0.00
16.63,-1.55,0.00
16.64,-1.54,0.00
16.65,-1.54,0.00
16.66,-1.54,0.00
16.67,-1.53,0.00
16.68,-1.53,0.00
16.69,-1.52,0.00
16.69,-1.52,0.00
16.70,-1.51,0.00
16.71,-1.51,0.00
16.72,-1.51,0.00
16.73,-1.50,0.00
16.74,-1.50,0.00
16.75,-1.49,0.00
16.76,-1.49,0.00
16.77,-1.49,0.00
16.78,-1.48,0.00
16.79,-1.48,0.00
16.79,-1.47,0.00
16.80,-1.47,0.00
16.81,-1.47,0.00
16.82,-1.46,0.00
16.83,-1.46,0.00
16.84,-1.45,0.00
16.85,-1.45,0.00
16.86,-1.45,0.00
16.87,-1.44,0.00
16.88,-1.44,0.00
16.89,-1.43,0.00
16.89,-1.43,0.00
16.90,-1.43,0.00
16.91,-1.42,0.00
16.92,-1.42,0.00
16.93,-1.41,0.00
16.94,-1.41,0.00
16.95,-1.41,0.00
16.96,-1.40,0.00
16.97,-1.40,0.00
16.98,-1.40,0.00
16.99,-1.39,0.00
16.99,-1.39,0.00
17.00,-1.38,0.00
17.01,-1.38,0.00
17.02,-1.38,0.00
17.03,-1.37,0.00
17.04,-1.37,0.00
17.05,-1.36,0.00
17.06,-1.36,0.00
17.07,-1.36,0.00
17.08,-1.35,0.00
17.09,-1.35,0.00
17.10,-1.35,0.00
17.10,-1.34,0.00
17.11,-1.34,0.00
17.12,-1.33,0.00
17.13,-1.33,0.00
17.14,-1.33,0.00
17.15,-1.32,0.00
17.16,-1.32,0.00
17.17,-1.32,0.00
17.18,-1.31,0.00
17.19,-1.31,0.00
17.20,-1.31,0.00
17.21,-1.30,0.00
17.21,-1.30,0.00
17.22,-1.29,0.00
17.23,-1.29,0.00
17.24,-1.29,0.00
17.25,-1.28,0.00
17.26,-1.28,0.00
17.27,-1.28,0.00
17.28,-1.27,0.00
17.29,-1.27,0.00
17.30,-1.27,0.00
17.31,-1.26,0.00
17.32,-1.26,0.00
17.33,-1.26,0.00
17.34,-1.25,0.00
17.34,-1.25,0.00
17.35,-1.24,0.00
17.36,-1.24,0.00
17.37,-1.24,0.00
17.38,-1.23,0.00
17.39,-1.23,0.00
17.40,-1.23,0.00
17.41,-1.22,0.00
17.42,-1.22,0.00
17.43,-1.22,0.00
17.44,-1.21,0.00
17.45,-1.21,0.00
17.46,-1.21,0.00
17.47,-1.20,0.00
17.47,-1.20,0.00
17.48,-1.20,0.00
17.49,-1.19,0.00
17.50,-1.19,0.00
17.51,-1.19,0.00
17.52,-1.18,0.00
17.53,-1.18,0.00
17.54,-1.18,0.00
17.55,-1.17,0.00
17.56,-1.17,0.00
17.57,-1.17,0.00
17.58,-1.16,0.00
17.59,-1.16,0.00
17.60,-1.16,0.00
17.61,-1.16,0.00
17.62,-1.15,0.00
17.62,-1.15,0.00
17.63,-1.15,0.00
17.64,-1.14,0.00
17.65,-1.14,0.00
17.66,-1.14,0.00
17.67,-1.13,0.00
17.68,-1.13,0.00
17.69,-1.13,0.00
17.70,-1.12,0.00
17.71,-1.12,0.00
17.72,-1.12,0.00
17.73,-1.12,0.00
17.74,-1.11,0.00
17.75,-1.11,0.00
17.76,-1.11,0.00
17.77,-1.10,0.00
17.78,-1.10,0.00
17.78,-1.10,0.00
17.79,-1.09,0.00
17.80,-1.09,0.00
17.81,-1.09,0.00
17.82,-1.09,0.00
17.83,-1.08,0.00
17.84,-1.08,0.00
17.85,-1.08,0.00
17.86,-1.07,0.00
17.87,-1.07,0.00
17.88,-1.07,0.00
17.89,-1.07,0.00
17.90,-1.06,0.00
17.91,-1.06,0.00
17.92,-1.06,0.00
17.93,-1.06,0.00
17.94,-1.05,0.00
17.95,-1.05,0.00
17.96,-1.05,0.00
17.97,-1.04,0.00
17.98,-1.04,0.00
17.98,-1.04,0.00
17.99,-1.04,0.00
18.00,-1.03,0.00
18.01,-1.03,0.00
18.02,-1.03,0.00
18.03,-1.03,0.00
18.04,-1.02,0.00
18.05,-1.02,0.00
18.06,-1.02,0.00
18.07,-1.02,0.00
18.08,-1.01,0.00
18.09,-1.01,0.00
18.10,-1.01,0.00
18.11,-1.01,0.00
18.12,-1.00,0.00
18.13,-1.00,0.00
18.14,-1.00,0.00
18.15,-1.00,0.00
18.16,-0.99,0.00
18.17,-0.99,0.00
18.18,-0.99,0.00
18.19,-0.99,0.00
18.20,-0.98,0.00
18.21,-0.98,0.00
18.22,-0.98,0.00
18.22,-0.98,0.00
18.23,-0.98,0.00
18.24,-0.97,0.00
18.25,-0.97,0.00
18.26,-0.97,0.00
18.27,-0.97,0.00
18.28,-0.96,0.00
18.29,-0.96,0.00
18.30,-0.96,0.00
18.31,-0.96,0.00
18.32,-0.96,0.00
18.33,-0.95,0.00
18.34,-0.95,0.00
18.35,-0.95,0.00
18.36,-0.95,0.00
18.37,-0.95,0.00
18.38,-0.94,0.00
18.39,-0.94,0.00
18.40,-0.94,0.00
18.41,-0.94,0.00
18.42,-0.94,0.00
18.43,-0.93,0.00
18.44,-0.93,0.00
18.45,-0.93,0.00
18.46,-0.93,0.00
18.47,-0.93,0.00
18.48,-0.93,0.00
18.49,-0.92,0.00
18.50,-0.92,0.00
18.51,-0.92,0.00
18.52,-0.92,0.00
18.53,-0.92,0.00
18.54,-0.91,0.00
18.55,-0.91,0.00
18.56,-0.91,0.00
18.56,-0.91,0.00
18.57,-0.91,0.00
18.58,-0.91,0.00
18.59,-0.91,0.00
18.60,-0.90,0.00
18.61,-0.90,0.00
18.62,-0.90,0.00
18.63,-0.90,0.00
18.64,-0.90,0.00
18.65,-0.90,0.00
18.66,-0.89,0.00
18.67,-0.89,0.00
18.68,-0.89,0.00
18.69,-0.89,0.00
18.70,-0.89,0.00
18.71,-0.89,0.00
18.72,-0.89,0.00
18.73,-0.88,0.00
18.74,-0.88,0.00
18.75,-0.88,0.00
18.76,-0.88,0.00
18.77,-0.88,0.00
18.78,-0.88,0.00
18.79,-0.88,0.00
18.80,-0.88,0.00
18.81,-0.87,0.00
18.82,-0.87,0.00
18.83,-0.87,0.00
18.84,-0.87,0.00
18.85,-0.87,0.00
18.86,-0.87,0.00
18.87,-0.87,0.00
18.88,-0.87,0.00
18.89,-0.87,0.00
18.90,-0.87,0.00
18.91,-0.86,0.00
18.92,-0.86,0.00
18.93,-0.86,0.00
18.94,-0.86,0.00
18.95,-0.86,0.00
18.96,-0.86,0.00
18.97,-0.86,0.00
18.98,-0.86,0.00
18.99,-0.86,0.00
19.00,-0.86,0.00
19.01,-0.86,0.00
19.02,-0.86,0.00
19.03,-0.85,0.00
19.04,-0.85,0.00
19.05,-0.85,0.00
19.06,-0.85,0.00
19.07,-0.85,0.00
19.08,-0.85,0.00
19.09,-0.85,0.00
19.10,-0.85,0.00
19.11,-0.85,0.00
19.12,-0.85,0.00
19.13,-0.85,0.00
19.14,-0.85,0.00
19.15,-0.85,0.00
19.16,-0.85,0.00
19.17,-0.85,0.00
19.18,-0.85,0.00
19.19,-0.85,0.00
19.20,-0.85,0.00
19.21,-0.85,0.00
19.22,-0.85,0.00
19.23,-0.85,0.00
19.24,-0.85,0.00
19.25,-0.84,0.00
19.25,-0.84,0.00
19.26,-0.84,0.00
19.27,-0.84,0.00
19.28,-0.84,0.00
19.29,-0.84,0.00
19.30,-0.84,0.00
19.31,-0.84,0.00
19.32,-0.84,0.00
19.33,-0.84,0.00
19.34,-0.84,0.00
19.35,-0.84,0.00
19.36,-0.84,0.00
19.37,-0.84,0.00
19.38,-0.84,0.00
19.39,-0.84,0.00
19.40,-0.84,0.00
19.41,-0.85,0.00
19.42,-0.85,0.00
19.43,-0.85,0.00
19.44,-0.85,0.00
19.45,-0.85,0.00
19.46,-0.85,0.00
19.47,-0.85,0.00
19.48,-0.85,0.00
19.49,-0.85,0.00
19.50,-0.85,0.00
19.51,-0.85,0.00
19.52,-0.85,0.00
19.53,-0.85,0.00
19.54,-0.85,0.00
19.55,-0.85,0.00
19.56,-0.85,0.00
19.57,-0.85,0.00
19.58,-0.85,0.00
19.59,-0.85,0.00
19.60,-0.85,0.00
19.61,-0.85,0.00
19.62,-0.85,0.00
19.63,-0.86,0.00
19.64,-0.86,0.00
19.65,-0.86,0.00
19.66,-0.86,0.00
19.67,-0.86,0.00
19.68,-0.86,0.00
19.69,-0.86,0.00
19.70,-0.86,0.00
19.71,-0.86,0.00
19.72,-0.86,0.00
19.73,-0.86,0.00
19.74,-0.87,0.00
19.75,-0.87,0.00
19.76,-0.87,0.00
19.77,-0.87,0.00
19.78,-0.87,0.00
19.79,-0.87,0.00
19.80,-0.87,0.00
19.81,-0.87,0.00
19.82,-0.87,0.00
19.83,-0.88,0.00
19.84,-0.88,0.00
19.85,-0.88,0.00
19.86,-0.88,0.00
19.87,-0.88,0.00
19.88,-0.88,0.00
19.89,-0.88,0.00
19.90,-0.88,0.00
19.91,-0.89,0.00
19.92,-0.89,0.00
19.93,-0.89,0.00
19.94,-0.89,0.00
19.95,-0.89,0.00
19.96,-0.89,0.00
19.97,-0.89,0.00
19.98,-0.90,0.00
19.99,-0.90,0.00
20.00,-0.90,0.00
20.00,-0.90,0.00
20.01,-0.90,0.00
20.02,-0.90,0.00
20.03,-0.91,0.00
20.04,-0.91,0.00
20.05,-0.91,0.00
20.06,-0.91,0.00
20.07,-0.91,0.00
20.08,-0.91,0.00
20.09,-0.92,0.00
20.10,-0.92,0.00
20.11,-0.92,0.00
20.12,-0.92,0.00
20.13,-0.92,0.00
20.14,-0.93,0.00
20.15,-0.93,0.00
20.16,-0.93,0.00
20.17,-0.93,0.00
20.18,-0.93,0.00
20.19,-0.94,0.00
20.20,-0.94,0.00
20.21,-0.94,0.00
20.22,-0.94,0.00
20.23,-0.94,0.00
20.24,-0.95,0.00
20.25,-0.95,0.00
20.26,-0.95,0.00
20.27,-0.95,0.00
20.28,-0.96,0.00
20.29,-0.96,0.00
20.30,-0.96,0.00
20.31,-0.96,0.00
20.32,-0.97,0.00
20.33,-0.97,0.00
20.33,-0.97,0.00
20.34,-0.97,0.00
20.35,-0.98,0.00
20.36,-0.98,0.00
20.37,-0.98,0.00
20.38,-0.98,0.00
20.39,-0.99,0.00
20.40,-0.99,0.00
20.41,-0.99,0.00
20.42,-0.99,0.00
20.43,-1.00,0.00
20.44,-1.00,0.00
20.45,-1.00,0.00
20.46,-1.00,0.00
20.47,-1.01,0.00
20.48,-1.01,0.00
20.49,-1.01,0.00
20.50,-1.01,0.00
20.51,-1.02,0.00
20.52,-1.02,0.00
20.53,-1.02,0.00
20.54,-1.03,0.00
20.54,-1.03,0.00
20.55,-1.03,0.00
20.56,-1.03,0.00
20.57,-1.04,0.00
20.58,-1.04,0.00
20.59,-1.04,0.00
20.60,-1.05,0.00
20.61,-1.05,0.00
20.62,-1.05,0.00
20.63,-1.06,0.00
20.64,-1.06,0.00
20.65,-1.06,0.00
20.66,-1.06,0.00
20.67,-1.07,0.00
20.68,-1.07,0.00
20.69,-1.07,0.00
20.70,-1.08,0.00
20.70,-1.08,0.00
20.71,-1.08,0.00
20.72,-1.09,0.00
20.73,-1.09,0.00
20.74,-1.09,0.00
20.75,-1.10,0.00
20.76,-1.10,0.00
20.77,-1.10,0.00
20.78,-1.11,0.00
20.79,-1.11,0.00
20.80,-1.11,0.00
20.81,-1.12,0.00
20.82,-1.12,0.00
20.83,-1.12,0.00
20.84,-1.13,0.00
20.84,-1.13,0.00
20.85,-1.13,0.00
20.86,-1.14,0.00
20.87,-1.14,0.00
20.88,-1.15,0.00
20.89,-1.15,0.00
20.90,-1.15,0.00
20.91,-1.16,0.00
20.92,-1.16,0.00
20.93,-1.16,0.00
20.94,-1.17,0.00
20.95,-1.17,0.00
20.96,-1.17,0.00
20.96,-1.18,0.00
20.97,-1.18,0.00
20.98,-1.19,0.00
20.99,-1.19,0.00
21.00,-1.19,0.00
21.01,-1.20,0.00
21.02,-1.20,0.00
21.03,-1.20,0.00
21.04,-1.21,0.00
21.05,-1.21,0.00
21.06,-1.22,0.00
21.07,-1.22,0.00
21.07,-1.22,0.00
21.08,-1.23,0.00
21.09,-1.23,0.00
21.10,-1.24,0.00
21.11,-1.24,0.00
21.12,-1.24,0.00
21.13,-1.25,0.00
21.14,-1.25,0.00
21.15,-1.25,0.00
21.16,-1.26,0.00
21.17,-1.26,0.00
21.17,-1.27,0.00
21.18,-1.27,0.00
21.19,-1.28,0.00
21.20,-1.28,0.00
21.21,-1.28,0.00
21.22,-1.29,0.00
21.23,-1.29,0.00
21.24,-1.30,0.00
21.25,-1.30,0.00
21.26,-1.30,0.00
21.26,-1.31,0.00
21.27,-1.31,0.00
21.28,-1.32,0.00
21.29,-1.32,0.00
21.30,-1.33,0.00
21.31,-1.33,0.00
21.32,-1.33,0.00
21.33,-1.34,0.00
21.34,-1.34,0.00
21.35,-1.35,0.00
21.35,-1.35,0.00
21.36,-1.36,0.00
21.37,-1.36,0.00
21.38,-1.36,0.00
21.39,-1.37,0.00
21.40,-1.37,0.00
21.41,-1.38,0.00
21.42,-1.38,0.00
21.43,-1.39,0.00
21.43,-1.39,0.00
21.44,-1.39,0.00
21.45,-1.40,0.00
21.46,-1.40,0.00
21.47,-1.41,0.00
21.48,-1.41,0.00
21.49,-1.42,0.00
21.50,-1.42,0.00
21.50,-1.43,0.00
21.51,-1.43,0.00
21.52,-1.44,0.00
21.53,-1.44,0.00
21.54,-1.44,0.00
21.55,-1.45,0.00
21.56,-1.45,0.00
21.57,-1.46,0.00
21.58,-1.46,0.00
21.58,-1.47,0.00
21.59,-1.47,0.00
21.60,-1.48,0.00
21.61,-1.48,0.00
21.62,-1.49,0.00
21.63,-1.49,0.00
21.64,-1.50,0.00
21.65,-1.50,0.00
21.65,-1.50,0.00
21.66,-1.51,0.00
21.67,-1.51,0.00
21.68,-1.52,0.00
21.69,-1.52,0.00
21.70,-1.53,0.00
21.71,-1.53,0.00
21.71,-1.54,0.00
21.72,-1.54,0.00
21.73,-1.55,0.00
21.74,-1.55,0.00
21.75,-1.56,0.00
21.76,-1.56,0.00
21.77,-1.57,0.00
21.78,-1.57,0.00
21.78,-1.58,0.00
21.79,-1.58,0.00
21.80,-1.59,0.00
21.81,-1.59,0.00
21.82,-1.60,0.00
21.83,-1.60,0.00
21.84,-1.61,0.00
21.84,-1.61,0.00
21.85,-1.62,0.00
21.86,-1.62,0.00
21.87,-1.63,0.00
21.88,-1.63,0.00
21.89,-1.64,0.00
21.90,-1.64,0.00
21.90,-1.65,0.00
21.91,-1.65,0.00
21.92,-1.66,0.00
21.93,-1.66,0.00
21.94,-1.67,0.00
21.95,-1.67,0.00
21.96,-1.68,0.00
21.96,-1.68,0.00
21.97,-1.69,0.00
21.98,-1.69,0.00
21.99,-1.70,0.00
22.00,-1.70,0.00
22.01,-1.71,0.00
22.02,-1.71,0.00
22.02,-1.72,0.00
22.03,-1.72,0.00
22.04,-1.73,0.00
22.05,-1.73,0.00
22.06,-1.74,0.00
22.07,-1.74,0.00
22.07,-1.75,0.00
22.08,-1.75,0.00
22.09,-1.76,0.00
22.10,-1.76,0.00
22.11,-1.77,0.00
22.12,-1.77,0.00
22.13,-1.78,0.00
22.13,-1.78,0.00
22.14,-1.79,0.00
22.15,-1.79,0.00
22.16,-1.80,0.00
22.17,-1.80,0.00
22.18,-1.81,0.00
22.18,-1.81,0.00
22.19,-1.82,0.00
22.20,-1.83,0.00
22.21,-1.83,0.00
22.22,-1.84,0.00
22.23,-1.84,0.00
22.23,-1.85,0.00
22.24,-1.85,0.00
22.25,-1.86,0.00
22.26,-1.86,0.00
22.27,-1.87,0.00
22.28,-1.87,0.00
22.29,-1.88,0.00
22.29,-1.88,0.00
22.30,-1.89,0.00
22.31,-1.89,0.00
22.32,-1.90,0.00
22.33,-1.90,0.00
22.34,-1.91,0.00
22.34,-1.92,0.00
22.35,-1.92,0.00
22.36,-1.93,0.00
22.37,-1.93,0.00
22.38,-1.94,0.00
22.39,-1.94,0.00
22.39,-1.95,0.00
22.40,-1.95,0.00
22.41,-1.96,0.00
22.42,-1.96,0.00
22.43,-1.97,0.00
22.44,-1.97,0.00
22.44,-1.98,0.00
22.45,-1.99,0.00
22.46,-1.99,0.00
22.47,-2.00,0.00
22.48,-2.00,0.00
22.49,-2.01,0.00
22.49,-2.01,0.00
22.50,-2.02,0.00
22.51,-2.02,0.00
22.52,-2.03,0.00
22.53,-2.03,0.00
22.53,-2.04,0.00
22.54,-2.04,0.00
22.55,-2.05,0.00
22.56,-2.06,0.00
22.57,-2.06,0.00
22.58,-2.07,0.00
22.58,-2.07,0.00
22.59,-2.08,0.00
22.60,-2.08,0.00
22.61,-2.09,0.00
22.62,-2.09,0.00
22.63,-2.10,0.00
22.63,-2.11,0.00
22.64,-2.11,0.00
22.65,-2.12,0.00
22.66,-2.12,0.00
22.67,-2.13,0.00
22.67,-2.13,0.00
22.68,-2.14,0.00
22.69,-2.14,0.00
22.70,-2.15,0.00
22.71,-2.16,0.00
22.72,-2.16,0.00
22.72,-2.17,0.00
22.73,-2.17,0.00
22.74,-2.18,0.00
22.75,-2.18,0.00
22.76,-2.19,0.00
22.77,-2.19,0.00
22.77,-2.20,0.00
22.78,-2.21,0.00
22.79,-2.21,0.00
22.80,-2.22,0.00
22.81,-2.22,0.00
22.81,-2.23,0.00
22.82,-2.23,0.00
22.83,-2.24,0.00
22.84,-2.24,0.00
22.85,-2.25,0.00
22.86,-2.26,0.00
22.86,-2.26,0.00
22.87,-2.27,0.00
22.88,-2.27,0.00
22.89,-2.28,0.00
22.90,-2.28,0.00
22.90,-2.29,0.00
22.91,-2.30,0.00
22.92,-2.30,0.00
22.93,-2.31,0.00
22.94,-2.31,0.00
22.94,-2.32,0.00
22.95,-2.32,0.00
22.96,-2.33,0.00
22.97,-2.33,0.00
22.98,-2.34,0.00
22.99,-2.35,0.00
22.99,-2.35,0.00
23.00,-2.36,0.00
23.01,-2.36,0.00
23.02,-2.37,0.00
23.03,-2.37,0.00
23.03,-2.38,0.00
23.04,-2.39,0.00
23.05,-2.39,0.00
23.06,-2.40,0.00
23.07,-2.40,0.00
23.07,-2.41,0.00
23.08,-2.41,0.00
23.09,-2.42,0.00
23.10,-2.43,0.00
23.11,-2.43,0.00
23.12,-2.44,0.00
23.12,-2.44,0.00
23.13,-2.45,0.00
23.14,-2.45,0.00
23.15,-2.46,0.00
23.16,-2.47,0.00
23.16,-2.47,0.00
23.17,-2.48,0.00
23.18,-2.48,0.00
23.19,-2.49,0.00
23.20,-2.49,0.00
23.20,-2.50,0.00
23.21,-2.51,0.00
23.22,-2.51,0.00
23.23,-2.52,0.00
23.24,-2.52,0.00
23.25,-2.53,0.00
23.25,-2.53,0.00
23.26,-2.54,0.00
23.27,-2.55,0.00
23.28,-2.55,0.00
23.29,-2.56,0.00
23.29,-2.56,0.00
23.30,-2.57,0.00
23.31,-2.57,0.00
23.32,-2.58,0.00
23.33,-2.59,0.00
23.33,-2.59,0.00
23.34,-2.60,0.00
23.35,-2.60,0.00
23.36,-2.61,0.00
23.37,-2.61,0.00
23.37,-2.62,0.00
23.38,-2.63,0.00
23.39,-2.63,0.00
23.40,-2.64,0.00
23.41,-2.64,0.00
23.41,-2.65,0.00
23.42,-2.65,0.00
23.43,-2.66,0.00
23.44,-2.67,0.00
23.45,-2.67,0.00
23.46,-2.68,0.00
23.46,-2.68,0.00
23.47,-2.69,0.00
23.48,-2.69,0.00
23.49,-2.70,0.00
23.50,-2.71,0.00
23.50,-2.71,0.00
23.51,-2.72,0.00
23.52,-2.72,0.00
23.53,-2.73,0.00
23.54,-2.73,0.00
23.54,-2.74,0.00
23.55,-2.75,0.00
23.56,-2.75,0.00
23.57,-2.76,0.00
23.58,-2.76,0.00
23.58,-2.77,0.00
23.59,-2.77,0.00
23.60,-2.78,0.00
23.61,-2.79,0.00
23.62,-2.79,0.00
23.62,-2.80,0.00
23.63,-2.80,0.00
23.64,-2.81,0.00
23.65,-2.82,0.00
23.66,-2.82,0.00
23.67,-2.83,0.00
23.67,-2.83,0.00
23.68,-2.84,0.00
23.69,-2.84,0.00
23.70,-2.85,0.00
23.71,-2.86,0.00
23.71,-2.86,0.00
23.72,-2.87,0.00
23.73,-2.87,0.00
23.74,-2.88,0.00
23.75,-2.88,0.00
23.75,-2.89,0.00
23.76,-2.90,0.00
23.77,-2.90,0.00
23.78,-2.91,0.00
23.79,-2.91,0.00
23.79,-2.92,0.00
23.80,-2.92,0.00
23.81,-2.93,0.00
23.82,-2.94,0.00
23.83,-2.94,0.00
23.83,-2.95,0.00
23.84,-2.95,0.00
23.85,-2.96,0.00
23.86,-2.96,0.00
23.87,-2.97,0.00
23.88,-2.98,0.00
23.88,-2.98,0.00
23.89,-2.99,0.00
23.90,-2.99,0.00
23.91,-3.00,0.00
23.92,-3.00,0.00
23.92,-3.01,0.00
23.93,-3.02,0.00
23.94,-3.02,0.00
23.95,-3.03,0.00
23.96,-3.03,0.00
23.96,-3.04,0.00
23.97,-3.04,0.00
23.98,-3.05,0.00
23.99,-3.06,0.00
24.00,-3.06,0.00
24.00,-3.07,0.00
24.01,-3.07,0.00
24.02,-3.08,0.00
24.03,-3.09,0.00
24.04,-3.09,0.00
24.04,-3.10,0.00
24.05,-3.10,0.00
24.06,-3.11,0.00
24.07,-3.11,0.00
24.08,-3.12,0.00
24.09,-3.13,0.00
24.09,-3.13,0.00
24.10,-3.14,0.00
24.11,-3.14,0.00
24.12,-3.15,0.00
24.13,-3.15,0.00
24.13,-3.16,0.00
24.14,-3.17,0.00
24.15,-3.17,0.00
24.16,-3.18,0.00
24.17,-3.18,0.00
24.17,-3.19,0.00
24.18,-3.19,0.00
24.19,-3.20,0.00
24.20,-3.20,0.00
24.21,-3.21,0.00
24.21,-3.22,0.00
24.22,-3.22,0.00
24.23,-3.23,0.00
24.24,-3.23,0.00
24.25,-3.24,0.00
24.26,-3.24,0.00
24.26,-3.25,0.00
24.27,-3.26,0.00
24.28,-3.26,0.00
24.29,-3.27,0.00
24.30,-3.27,0.00
24.30,-3.28,0.00
24.31,-3.28,0.00
24.32,-3.29,0.00
24.33,-3.30,0.00
24.34,-3.30,0.00
24.34,-3.31,0.00
24.35,-3.31,0.00
24.36,-3.32,0.00
24.37,-3.32,0.00
24.38,-3.33,0.00
24.39,-3.34,0.00
24.39,-3.34,0.00
24.40,-3.35,0.00
24.41,-3.35,0.00
24.42,-3.36,0.00
24.43,-3.36,0.00
24.43,-3.37,0.00
24.44,-3.37,0.00
24.45,-3.38,0.00
24.46,-3.39,0.00
24.47,-3.39,0.00
24.48,-3.40,0.00
24.48,-3.40,0.00
24.49,-3.41,0.00
24.50,-3.41,0.00
24.51,-3.42,0.00
24.52,-3.43,0.00
24.52,-3.43,0.00
24.53,-3.44,0.00
24.54,-3.44,0.00
24.55,-3.45,0.00
24.56,-3.45,0.00
24.57,-3.46,0.00
24.57,-3.46,0.00
24.58,-3.47,0.00
24.59,-3.48,0.00
24.60,-3.48,0.00
24.61,-3.49,0.00
24.61,-3.49,0.00
24.62,-3.50,0.00
24.63,-3.50,0.00
24.64,-3.51,0.00
24.65,-3.51,0.00
24.66,-3.52,0.00
24.66,-3.53,0.00
24.67,-3.53,0.00
24.68,-3.54,0.00
24.69,-3.54,0.00
24.70,-3.55,0.00
24.70,-3.55,0.00
24.71,-3.56,0.00
24.72,-3.56,0.00
24.73,-3.57,0.00
24.74,-3.58,0.00
24.75,-3.58,0.00
24.75,-3.59,0.00
24.76,-3.59,0.00
24.77,-3.60,0.00
24.78,-3.60,0.00
24.79,-3.61,0.00
24.80,-3.61,0.00
24.80,-3.62,0.00
24.81,-3.62,0.00
24.82,-3.63,0.00
24.83,-3.64,0.00
24.84,-3.64,0.00
24.84,-3.65,0.00
24.85,-3.65,0.00
24.86,-3.66,0.00
24.87,-3.66,0.00
24.88,-3.67,0.00
24.89,-3.67,0.00
24.89,-3.68,0.00
24.90,-3.69,0.00
24.91,-3.69,0.00
24.92,-3.70,0.00
24.93,-3.70,0.00
24.94,-3.71,0.00
24.94,-3.71,0.00
24.95,-3.72,0.00
24.96,-3.72,0.00
24.97,-3.73,0.00
24.98,-3.73,0.00
24.99,-3.74,0.00
24.99,-3.74,0.00
25.00,-3.75,0.00
25.01,-3.76,0.00
25.02,-3.76,0.00
25.03,-3.77,0.00
25.04,-3.77,0.00
25.04,-3.78,0.00
25.05,-3.78,0.00
25.06,-3.79,0.00
25.07,-3.79,0.00
25.08,-3.80,0.00
25.09,-3.80,0.00
25.09,-3.81,0.00
25.10,-3.81,0.00
25.11,-3.82,0.00
25.12,-3.83,0.00
25.13,-3.83,0.00
25.14,-3.84,0.00
25.14,-3.84,0.00
25.15,-3.85,0.00
25.16,-3.85,0.00
25.17,-3.86,0.00
25.18,-3.86,0.00
25.19,-3.87,0.00
25.19,-3.87,0.00
25.20,-3.88,0.00
25.21,-3.88,0.00
25.22,-3.89,0.00
25.23,-3.89,0.00
25.24,-3.90,0.00
25.24,-3.90,0.00
25.25,-3.91,0.00
25.26,-3.91,0.00
25.27,-3.92,0.00
25.28,-3.93,0.00
25.29,-3.93,0.00
25.30,-3.94,0.00
25.30,-3.94,0.00
25.31,-3.95,0.00
25.32,-3.95,0.00
25.33,-3.96,0.00
25.34,-3.96,0.00
25.35,-3.97,0.00
25.35,-3.97,0.00
25.36,-3.98,0.00
25.37,-3.98,0.00
25.38,-3.99,0.00
25.39,-3.99,0.00
25.40,-4.00,0.00
25.41,-4.00,0.00
25.41,-4.01,0.00
25.42,-4.01,0.00
25.43,-4.02,0.00
25.44,-4.02,0.00
25.45,-4.03,0.00
25.46,-4.03,0.00
25.46,-4.04,0.00
25.47,-4.04,0.00
25.48,-4.05,0.00
25.49,-4.05,0.00
25.50,-4.06,0.00
25.51,-4.06,0.00
25.52,-4.07,0.00
25.52,-4.07,0.00
25.53,-4.08,0.00
25.54,-4.09,0.00
25.55,-4.09,0.00
25.56,-4.10,0.00
25.57,-4.10,0.00
25.58,-4.11,0.00
25.58,-4.11,0.00
25.59,-4.12,0.00
25.60,-4.12,0.00
25.61,-4.13,0.00
25.62,-4.13,0.00
25.63,-4.14,0.00
25.64,-4.14,0.00
25.64,-4.15,0.00
25.65,-4.15,0.00
25.66,-4.16,0.00
25.67,-4.16,0.00
25.68,-4.17,0.00
25.69,-4.17,0.00
25.70,-4.18,0.00
25.70,-4.18,0.00
25.71,-4.18,0.00
25.72,-4.19,0.00
25.73,-4.19,0.00
25.74,-4.20,0.00
25.75,-4.20,0.00
25.76,-4.21,0.00
25.76,-4.21,0.00
25.77,-4.22,0.00
25.78,-4.22,0.00
25.79,-4.23,0.00
25.80,-4.23,0.00
25.81,-4.24,0.00
25.82,-4.24,0.00
25.82,-4.25,0.00
25.83,-4.25,0.00
25.84,-4.26,0.00
25.85,-4.26,0.00
25.86,-4.27,0.00
25.87,-4.27,0.00
25.88,-4.28,0.00
25.89,-4.28,0.00
25.89,-4.29,0.00
25.90,-4.29,0.00
25.91,-4.30,0.00
25.92,-4.30,0.00
25.93,-4.31,0.00
25.94,-4.31,0.00
25.95,-4.32,0.00
25.95,-4.32,0.00
25.96,-4.32,0.00
25.97,-4.33,0.00
25.98,-4.33,0.00
25.99,-4.34,0.00
26.00,-4.34,0.00
26.01,-4.35,0.00
26.02,-4.35,0.00
26.02,-4.36,0.00
26.03,-4.36,0.00
26.04,-4.37,0.00
26.05,-4.37,0.00
26.06,-4.38,0.00
26.07,-4.38,0.00
26.08,-4.39,0.00
26.09,-4.39,0.00
26.09,-4.40,0.00
26.10,-4.40,0.00
26.11,-4.40,0.00
26.12,-4.41,0.00
26.13,-4.41,0.00
26.14,-4.42,0.00
26.15,-4.42,0.00
26.16,-4.43,0.00
26.16,-4.43,0.00
26.17,-4.44,0.00
26.18,-4.44,0.00
26.19,-4.45,0.00
26.20,-4.45,0.00
26.21,-4.46,0.00
26.22,-4.46,0.00
26.23,-4.46,0.00
26.23,-4.47,0.00
26.24,-4.47,0.00
26.25,-4.48,0.00
26.26,-4.48,0.00
26.27,-4.49,0.00
26.28,-4.49,0.00
26.29,-4.50,0.00
26.30,-4.50,0.00
26.31,-4.50,0.00
26.31,-4.51,0.00
26.32,-4.51,0.00
26.33,-4.52,0.00
26.34,-4.52,0.00
26.35,-4.53,0.00
26.36,-4.53,0.00
26.37,-4.54,0.00
26.38,-4.54,0.00
26.38,-4.54,0.00
26.39,-4.55,0.00
26.40,-4.55,0.00
26.41,-4.56,0.00
26.42,-4.56,0.00
26.43,-4.57,0.00
26.44,-4.57,0.00
26.45,-4.58,0.00
26.46,-4.58,0.00
26.46,-4.58,0.00
26.47,-4.59,0.00
26.48,-4.59,0.00
26.49,-4.60,0.00
26.50,-4.60,0.00
26.51,-4.61,0.00
26.52,-4.61,0.00
26.53,-4.62,0.00
26.54,-4.62,0.00
26.55,-4.62,0.00
26.55,-4.63,0.00
26.56,-4.63,0.00
26.57,-4.64,0.00
26.58,-4.64,0.00
26.59,-4.65,0.00
26.60,-4.65,0.00
26.61,-4.65,0.00
26.62,-4.66,0.00
26.63,-4.66,0.00
26.63,-4.67,0.00
26.64,-4.67,0.00
26.65,-4.67,0.00
26.66,-4.68,0.00
26.67,-4.68,0.00
26.68,-4.69,0.00
26.69,-4.69,0.00
26.70,-4.70,0.00
26.71,-4.70,0.00
26.72,-4.70,0.00
26.72,-4.71,0.00
26.73,-4.71,0.00
26.74,-4.72,0.00
26.75,-4.72,0.00
26.76,-4.72,0.00
26.77,-4.73,0.00
26.78,-4.73,0.00
26.79,-4.74,0.00
26.80,-4.74,0.00
26.81,-4.75,0.00
26.81,-4.75,0.00
26.82,-4.75,0.00
26.83,-4.76,0.00
26.84,-4.76,0.00
26.85,-4.77,0.00
26.86,-4.77,0.00
26.87,-4.77,0.00
26.88,-4.78,0.00
26.89,-4.78,0.00
26.90,-4.79,0.00
26.91,-4.79,0.00
26.91,-4.79,0.00
26.92,-4.80,0.00
26.93,-4.80,0.00
26.94,-4.81,0.00
26.95,-4.81,0.00
26.96,-4.81,0.00
26.97,-4.82,0.00
26.98,-4.82,0.00
26.99,-4.83,0.00
27.00,-4.83,0.00
27.01,-4.83,0.00
27.01,-4.84,0.00
27.02,-4.84,0.00
27.03,-4.84,0.00
27.04,-4.85,0.00
27.05,-4.85,0.00
27.06,-4.86,0.00
27.07,-4.86,0.00
27.08,-4.86,0.00
27.09,-4.87,0.00
27.10,-4.87,0.00
27.11,-4.88,0.00
27.11,-4.88,0.00
27.12,-4.88,0.00
27.13,-4.89,0.00
27.14,-4.89,0.00
27.15,-4.89,0.00
27.16,-4.90,0.00
27.17,-4.90,0.00
27.18,-4.91,0.00
27.19,-4.91,0.00
27.20,-4.91,0.00
27.21,-4.92,0.00
27.22,-4.92,0.00
27.22,-4.92,0.00
27.23,-4.93,0.00
27.24,-4.93,0.00
27.25,-4.93,0.00
27.26,-4.94,0.00
27.27,-4.94,0.00
27.28,-4.95,0.00
27.29,-4.95,0.00
27.30,-4.95,0.00
27.31,-4.96,0.00
27.32,-4.96,0.00
27.33,-4.96,0.00
27.34,-4.97,0.00
27.34,-4.97,0.00
27.35,-4.97,0.00
27.36,-4.98,0.00
27.37,-4.98,0.00
27.38,-4.98,0.00
27.39,-4.99,0.00
27.40,-4.99,0.00
27.41,-5.00,0.00
27.42,-5.00,0.00
27.43,-5.00,0.00
27.44,-5.01,0.00
27.45,-5.01,0.00
27.46,-5.01,0.00
27.47,-5.02,0.00
27.47,-5.02,0.00
27.48,-5.02,0.00
27.49,-5.03,0.00
27.50,-5.03,0.00
27.51,-5.03,0.00
27.52,-5.04,0.00
27.53,-5.04,0.00
27.54,-5.04,0.00
27.55,-5.05,0.00
27.56,-5.05,0.00
27.57,-5.05,0.00
27.58,-5.06,0.00
27.59,-5.06,0.00
27.60,-5.06,0.00
27.61,-5.07,0.00
27.61,-5.07,0.00
27.62,-5.07,0.00
27.63,-5.08,0.00
27.64,-5.08,0.00
27.65,-5.08,0.00
27.66,-5.09,0.00
27.67,-5.09,0.00
27.68,-5.09,0.00
27.69,-5.09,0.00
27.70,-5.10,0.00
27.71,-5.10,0.00
27.72,-5.10,0.00
27.73,-5.11,0.00
27.74,-5.11,0.00
27.75,-5.11,0.00
27.76,-5.12,0.00
27.77,-5.12,0.00
27.77,-5.12,0.00
27.78,-5.13,0.00
27.79,-5.13,0.00
27.80,-5.13,0.00
27.81,-5.13,0.00
27.82,-5.14,0.00
27.83,-5.14,0.00
27.84,-5.14,0.00
27.85,-5.15,0.00
27.86,-5.15,0.00
27.87,-5.15,0.00
27.88,-5.16,0.00
27.89,-5.16,0.00
27.90,-5.16,0.00
27.91,-5.16,0.00
27.92,-5.17,0.00
27.93,-5.17,0.00
27.94,-5.17,0.00
27.94,-5.18,0.00
27.95,-5.18,0.00
27.96,-5.18,0.00
27.97,-5.18,0.00
27.98,-5.19,0.00
27.99,-5.19,0.00
28.00,-5.19,0.00
28.01,-5.20,0.00
28.02,-5.20,0.00
28.03,-5.20,0.00
28.04,-5.20,0.00
28.05,-5.21,0.00
28.06,-5.21,0.00
28.07,-5.21,0.00
28.08,-5.21,0.00
28.09,-5.22,0.00
28.10,-5.22,0.00
28.11,-5.22,0.00
28.12,-5.23,0.00
28.13,-5.23,0.00
28.14,-5.23,0.00
28.15,-5.23,0.00
28.15,-5.24,0.00
28.16,-5.24,0.00
28.17,-5.24,0.00
28.18,-5.24,0.00
28.19,-5.25,0.00
28.20,-5.25,0.00
28.21,-5.25,0.00
28.22,-5.25,0.00
28.23,-5.26,0.00
28.24,-5.26,0.00
28.25,-5.26,0.00
28.26,-5.26,0.00
28.27,-5.27,0.00
28.28,-5.27,0.00
28.29,-5.27,0.00
28.30,-5.27,0.00
28.31,-5.28,0.00
28.32,-5.28,0.00
28.33,-5.28,0.00
28.34,-5.28,0.00
28.35,-5.28,0.00
28.36,-5.29,0.00
28.37,-5.29,0.00
28.38,-5.29,0.00
28.39,-5.29,0.00
28.39,-5.30,0.00
28.40,-5.30,0.00
28.41,-5.30,0.00
28.42,-5.30,0.00
28.43,-5.31,0.00
28.44,-5.31,0.00
28.45,-5.31,0.00
28.46,-5.31,0.00
28.47,-5.31,0.00
28.48,-5.32,0.00
28.49,-5.32,0.00
28.50,-5.32,0.00
28.51,-5.32,0.00
28.52,-5.32,0.00
28.53,-5.33,0.00
28.54,-5.33,0.00
28.55,-5.33,0.00
28.56,-5.33,0.00
28.57,-5.33,0.00
28.58,-5.34,0.00
28.59,-5.34,0.00
28.60,-5.34,0.00
28.61,-5.34,0.00
28.62,-5.34,0.00
28.63,-5.35,0.00
28.64,-5.35,0.00
28.65,-5.35,0.00
28.66,-5.35,0.00
28.67,-5.35,0.00
28.68,-5.36,0.00
28.69,-5.36,0.00
28.70,-5.36,0.00
28.71,-5.36,0.00
28.71,-5.36,0.00
28.72,-5.37,0.00
28.73,-5.37,0.00
28.74,-5.37,0.00
28.75,-5.37,0.00
28.76,-5.37,0.00
28.77,-5.37,0.00
28.78,-5.38,0.00
28.79,-5.38,0.00
28.80,-5.38,0.00
28.81,-5.38,0.00
28.82,-5.38,0.00
28.83,-5.38,0.00
28.84,-5.39,0.00
28.85,-5.39,0.00
28.86,-5.39,0.00
28.87,-5.39,0.00
28.88,-5.39,0.00
28.89,-5.39,0.00
28.90,-5.40,0.00
28.91,-5.40,0.00
28.92,-5.40,0.00
28.93,-5.40,0.00
28.94,-5.40,0.00
28.95,-5.40,0.00
28.96,-5.40,0.00
28.97,-5.41,0.00
28.98,-5.41,0.00
28.99,-5.41,0.00
29.00,-5.41,0.00
29.01,-5.41,0.00
29.02,-5.41,0.00
29.03,-5.41,0.00
29.04,-5.42,0.00
29.05,-5.42,0.00
29.06,-5.42,0.00
29.07,-5.42,0.00
29.08,-5.42,0.00
29.09,-5.42,0.00
29.10,-5.42,0.00
29.11,-5.42,0.00
29.12,-5.43,0.00
29.13,-5.43,0.00
