Error minimization success!
Best estimate of mag_den: 168311.30260735736 A/m
Simulated bend angles in degree:
[42.55417922 52.87173257]
Best relative error (sim - exp) / exp:
[-0.02694176  0.0315641 ]
Number of elements: (223,)
Curvature values:
[0.11883681 0.11891519 0.11897701 0.1190223  0.11905105 0.1190633
 0.11905909 0.11903845 0.11900145 0.11894816 0.11887865 0.118793
 0.11869133 0.11857373 0.11844032 0.11829123 0.1181266  0.11794656
 0.11775127 0.11754089 0.11731559 0.11707555 0.11682095 0.11655198
 0.11626884 0.11597173 0.11566086 0.11533645 0.11499873 0.11464791
 0.11428424 0.11390794 0.11351926 0.11311845 0.11270574 0.11228141
 0.11184569 0.11139885 0.11094114 0.11047284 0.1099942  0.10950548
 0.10900697 0.10849891 0.10798159 0.10745526 0.1069202  0.10637667
 0.10582495 0.1052653  0.10469798 0.10412327 0.10354141 0.10295269
 0.10235734 0.10175565 0.10114785 0.1005342  0.09991496 0.09929036
 0.09866067 0.09802611 0.09738692 0.09674335 0.09609563 0.09544397
 0.09478862 0.09412978 0.09346768 0.09280252 0.09213453 0.0914639
 0.09079083 0.09011553 0.08943818 0.08875897 0.08807808 0.08739571
 0.08671201 0.08602717 0.08534134 0.0846547  0.0839674  0.08327958
 0.08259141 0.08190303 0.08121457 0.08052617 0.07983796 0.07915008
 0.07846264 0.07777576 0.07708956 0.07640415 0.07571963 0.07503611
 0.07435369 0.07367245 0.07299249 0.07231391 0.07163677 0.07096116
 0.07028715 0.06961482 0.06894423 0.06827546 0.06760855 0.06694357
 0.06628058 0.06561962 0.06496074 0.06430399 0.06364941 0.06299704
 0.06234691 0.06169906 0.06105351 0.06041031 0.05976946 0.05913099
 0.05849492 0.05786128 0.05723006 0.05660129 0.05597498 0.05535112
 0.05472973 0.05411082 0.05349437 0.05288039 0.05226888 0.05165983
 0.05105323 0.05044907 0.04984735 0.04924805 0.04865115 0.04805664
 0.0474645  0.04687471 0.04628725 0.0457021  0.04511923 0.04453862
 0.04396023 0.04338405 0.04281003 0.04223815 0.04166838 0.04110068
 0.04053502 0.03997135 0.03940965 0.03884987 0.03829197 0.03773591
 0.03718165 0.03662914 0.03607835 0.03552921 0.0349817  0.03443575
 0.03389133 0.03334837 0.03280684 0.03226667 0.03172782 0.03119023
 0.03065385 0.03011862 0.02958448 0.02905138 0.02851926 0.02798806
 0.02745772 0.02692818 0.02639937 0.02587124 0.02534372 0.02481674
 0.02429024 0.02376416 0.02323841 0.02271295 0.02218769 0.02166258
 0.02113752 0.02061247 0.02008733 0.01956204 0.01903652 0.0185107
 0.0179845  0.01745784 0.01693064 0.01640282 0.01587431 0.01534501
 0.01481485 0.01428374 0.0137516  0.01321834 0.01268387 0.0121481
 0.01161094 0.01107231 0.0105321  0.00999023 0.0094466  0.00890111
 0.00835366 0.00780416 0.00725251 0.0066986  0.00614232 0.00558359
 0.00502228 0.00445828 0.0038915  0.00332182 0.00274912 0.00217329
 0.00159421]
Percentage of elements having bending strain >= 0.05: 16.143497757847534
Bending strain in %:
[5.30716413 5.31066431 5.31342549 5.31544786 5.31673205 5.31727921
 5.31709095 5.31616935 5.31451698 5.31213685 5.30903245 5.3052077
 5.30066697 5.29541505 5.28945717 5.28279896 5.27544646 5.2674061
 5.25868469 5.24928941 5.23922779 5.2285077  5.21713737 5.20512532
 5.19248038 5.17921167 5.1653286  5.15084083 5.13575828 5.12009108
 5.10384962 5.08704445 5.06968635 5.05178627 5.03335529 5.01440468
 4.99494583 4.97499024 4.95454952 4.93363538 4.91225961 4.89043404
 4.86817059 4.8454812  4.82237783 4.79887246 4.77497708 4.75070366
 4.72606415 4.70107048 4.67573453 4.65006811 4.624083   4.59779088
 4.57120336 4.54433196 4.5171881  4.48978308 4.4621281  4.43423424
 4.40611243 4.37777348 4.34922805 4.32048667 4.2915597  4.26245733
 4.23318961 4.20376641 4.17419742 4.14449219 4.11466004 4.08471014
 4.05465148 4.02449284 3.99424282 3.96390985 3.93350212 3.90302768
 3.87249434 3.84190975 3.81128134 3.78061636 3.74992184 3.71920464
 3.68847141 3.65772861 3.6269825  3.59623916 3.56550445 3.53478407
 3.50408351 3.47340808 3.44276291 3.41215292 3.38158287 3.35105733
 3.32058071 3.29015721 3.25979088 3.22948559 3.19924504 3.16907277
 3.13897215 3.10894638 3.07899852 3.04913145 3.01934792 2.98965051
 2.96004166 2.93052366 2.90109867 2.87176869 2.84253559 2.81340111
 2.78436687 2.75543432 2.72660483 2.69787961 2.66925978 2.64074631
 2.61234008 2.58404185 2.55585225 2.52777184 2.49980103 2.47194016
 2.44418946 2.41654905 2.38901897 2.36159916 2.33428947 2.30708965
 2.27999938 2.25301825 2.22614576 2.19938133 2.1727243  2.14617395
 2.11972947 2.09338997 2.0671545  2.04102203 2.01499149 1.9890617
 1.96323146 1.93749946 1.91186437 1.88632478 1.86087921 1.83552614
 1.810264   1.78509114 1.76000587 1.73500644 1.71009107 1.68525789
 1.66050501 1.6358305  1.61123233 1.58670849 1.56225687 1.53787534
 1.51356172 1.48931378 1.46512925 1.44100582 1.41694113 1.39293278
 1.36897834 1.34507531 1.32122117 1.29741336 1.27364927 1.24992625
 1.22624161 1.20259264 1.17897654 1.15539052 1.13183173 1.10829728
 1.08478423 1.06128962 1.03781043 1.0143436  0.99088606 0.96743465
 0.9439862  0.9205375  0.89708528 0.87362623 0.85015701 0.82667422
 0.80317443 0.77965415 0.75610986 0.73253799 0.7089349  0.68529694
 0.66162039 0.63790147 0.61413638 0.59032124 0.56645214 0.5425251
 0.5185361  0.49448106 0.47035583 0.44615623 0.421878   0.39751683
 0.37306834 0.34852812 0.32389165 0.29915437 0.27431167 0.24935883
 0.22429111 0.19910367 0.1737916  0.14834992 0.12277359 0.09705747
 0.07119636]
Number of function evaluations: 6

Parameters used.
magnetization_density: 300000.0
OPTIMIZATION_SCALE: 1000000.0

---------------------------------------------------------------------------
