0.36,0.87,0.00
0.46,0.88,0.00
0.56,0.89,0.00
0.66,0.90,0.00
0.77,0.90,0.00
0.87,0.91,0.00
0.97,0.91,0.00
1.08,0.91,0.00
1.18,0.91,0.00
1.28,0.91,0.00
1.39,0.91,0.00
1.49,0.91,0.00
1.59,0.91,0.00
1.70,0.92,0.00
1.80,0.92,0.00
1.90,0.93,0.00
2.00,0.94,0.00
2.11,0.95,0.00
2.21,0.96,0.00
2.31,0.97,0.00
2.41,0.98,0.00
2.51,0.99,0.00
2.62,1.00,0.00
2.72,1.01,0.00
2.82,1.02,0.00
2.93,1.03,0.00
3.03,1.04,0.00
3.13,1.05,0.00
3.24,1.05,0.00
3.34,1.06,0.00
3.45,1.06,0.00
3.55,1.06,0.00
3.65,1.05,0.00
3.76,1.04,0.00
3.86,1.03,0.00
3.96,1.01,0.00
4.06,0.99,0.00
4.16,0.97,0.00
4.25,0.93,0.00
4.35,0.90,0.00
4.44,0.86,0.00
4.54,0.82,0.00
4.63,0.77,0.00
4.72,0.72,0.00
4.82,0.68,0.00
4.91,0.63,0.00
5.00,0.58,0.00
5.10,0.53,0.00
5.19,0.49,0.00
5.28,0.45,0.00
5.38,0.41,0.00
5.47,0.37,0.00
5.57,0.33,0.00
5.66,0.30,0.00
5.76,0.27,0.00
5.86,0.25,0.00
5.96,0.22,0.00
6.06,0.20,0.00
6.16,0.18,0.00
6.26,0.17,0.00
6.36,0.16,0.00
6.46,0.15,0.00
6.56,0.14,0.00
6.67,0.14,0.00
6.77,0.13,0.00
6.87,0.13,0.00
6.98,0.13,0.00
7.08,0.13,0.00
7.19,0.13,0.00
7.29,0.13,0.00
7.40,0.13,0.00
7.50,0.12,0.00
7.60,0.12,0.00
7.71,0.11,0.00
7.81,0.11,0.00
7.91,0.10,0.00
8.01,0.08,0.00
8.12,0.07,0.00
8.22,0.05,0.00
8.32,0.04,0.00
8.42,0.02,0.00
8.52,-0.00,0.00
8.62,-0.02,0.00
8.72,-0.05,0.00
8.82,-0.07,0.00
8.92,-0.10,0.00
9.02,-0.12,0.00
9.12,-0.15,0.00
9.22,-0.18,0.00
9.31,-0.21,0.00
9.41,-0.24,0.00
9.51,-0.27,0.00
9.61,-0.30,0.00
9.71,-0.34,0.00
9.80,-0.37,0.00
9.90,-0.40,0.00
10.00,-0.44,0.00
10.09,-0.47,0.00
10.19,-0.51,0.00
10.29,-0.54,0.00
10.38,-0.58,0.00
10.48,-0.62,0.00
10.58,-0.65,0.00
10.67,-0.69,0.00
10.77,-0.73,0.00
10.87,-0.77,0.00
10.96,-0.80,0.00
11.06,-0.84,0.00
11.15,-0.88,0.00
11.25,-0.92,0.00
11.35,-0.96,0.00
11.44,-0.99,0.00
11.54,-1.03,0.00
11.63,-1.07,0.00
11.73,-1.11,0.00
11.82,-1.15,0.00
11.92,-1.19,0.00
12.02,-1.23,0.00
12.11,-1.26,0.00
12.21,-1.30,0.00
12.30,-1.34,0.00
12.40,-1.38,0.00
12.50,-1.41,0.00
12.59,-1.45,0.00
12.69,-1.49,0.00
12.79,-1.52,0.00
12.88,-1.56,0.00
12.98,-1.60,0.00
13.08,-1.63,0.00
13.17,-1.67,0.00
13.27,-1.70,0.00
13.37,-1.73,0.00
13.46,-1.77,0.00
13.56,-1.80,0.00
13.66,-1.83,0.00
13.76,-1.86,0.00
13.86,-1.90,0.00
13.95,-1.93,0.00
14.05,-1.96,0.00
14.15,-1.99,0.00
14.25,-2.01,0.00
14.35,-2.04,0.00
14.45,-2.07,0.00
14.55,-2.09,0.00
14.65,-2.12,0.00
14.75,-2.14,0.00
14.85,-2.17,0.00
14.95,-2.19,0.00
15.05,-2.22,0.00
15.15,-2.24,0.00
15.25,-2.27,0.00
15.35,-2.29,0.00
15.45,-2.32,0.00
15.55,-2.35,0.00
15.65,-2.37,0.00
15.75,-2.40,0.00
15.85,-2.43,0.00
15.94,-2.46,0.00
16.04,-2.50,0.00
16.14,-2.53,0.00
16.23,-2.57,0.00
16.33,-2.60,0.00
16.43,-2.64,0.00
16.52,-2.69,0.00
16.61,-2.73,0.00
16.71,-2.78,0.00
16.80,-2.82,0.00
16.89,-2.87,0.00
16.98,-2.93,0.00
17.07,-2.98,0.00
17.16,-3.04,0.00
17.25,-3.09,0.00
17.34,-3.15,0.00
17.43,-3.20,0.00
17.52,-3.26,0.00
17.61,-3.31,0.00
17.70,-3.37,0.00
17.79,-3.42,0.00
17.88,-3.47,0.00
17.97,-3.53,0.00
18.06,-3.57,0.00
18.15,-3.62,0.00
18.24,-3.66,0.00
18.33,-3.71,0.00
18.42,-3.74,0.00
18.52,-3.78,0.00
18.61,-3.81,0.00
18.71,-3.84,0.00
18.80,-3.86,0.00
18.90,-3.88,0.00
18.99,-3.89,0.00
19.09,-3.90,0.00
19.19,-3.91,0.00
19.29,-3.91,0.00
19.39,-3.91,0.00
19.49,-3.91,0.00
19.59,-3.90,0.00
19.70,-3.90,0.00
19.80,-3.89,0.00
19.90,-3.88,0.00
20.00,-3.87,0.00
20.11,-3.86,0.00
20.21,-3.84,0.00
20.31,-3.83,0.00
20.42,-3.82,0.00
20.52,-3.81,0.00
20.62,-3.79,0.00
20.72,-3.78,0.00
20.83,-3.77,0.00
20.93,-3.77,0.00
21.03,-3.76,0.00
21.14,-3.76,0.00
21.24,-3.76,0.00
21.34,-3.76,0.00
21.44,-3.76,0.00
21.55,-3.76,0.00
21.65,-3.77,0.00
21.75,-3.78,0.00
21.85,-3.79,0.00
21.95,-3.80,0.00
22.06,-3.81,0.00
22.16,-3.82,0.00
22.26,-3.83,0.00
22.36,-3.85,0.00
22.46,-3.86,0.00
22.57,-3.87,0.00
22.67,-3.88,0.00
22.77,-3.90,0.00
22.87,-3.91,0.00
22.98,-3.92,0.00
23.08,-3.92,0.00
23.18,-3.93,0.00
23.29,-3.94,0.00
23.39,-3.94,0.00
23.49,-3.94,0.00
23.60,-3.94,0.00
23.70,-3.94,0.00
23.80,-3.94,0.00
23.91,-3.93,0.00
24.01,-3.92,0.00
24.12,-3.91,0.00
24.22,-3.90,0.00
24.33,-3.89,0.00
24.43,-3.88,0.00
24.54,-3.87,0.00
24.64,-3.85,0.00
24.75,-3.84,0.00
24.85,-3.83,0.00
24.95,-3.82,0.00
25.06,-3.82,0.00
25.16,-3.81,0.00
25.26,-3.81,0.00
25.36,-3.81,0.00
25.47,-3.81,0.00
25.57,-3.81,0.00
25.67,-3.82,0.00
25.77,-3.84,0.00
25.87,-3.85,0.00
25.97,-3.87,0.00
26.07,-3.90,0.00
26.16,-3.93,0.00
26.26,-3.96,0.00
26.35,-4.01,0.00
26.45,-4.05,0.00
26.54,-4.10,0.00
26.64,-4.15,0.00
26.73,-4.19,0.00
26.83,-4.24,0.00
26.92,-4.29,0.00
27.01,-4.34,0.00
27.11,-4.38,0.00
27.20,-4.42,0.00
27.29,-4.45,0.00
27.39,-4.48,0.00
27.48,-4.50,0.00
27.58,-4.51,0.00
27.67,-4.52,0.00
27.77,-4.52,0.00
27.86,-4.52,0.00
27.96,-4.51,0.00
28.06,-4.50,0.00
28.16,-4.48,0.00
28.26,-4.46,0.00
28.36,-4.43,0.00
28.46,-4.40,0.00
28.56,-4.37,0.00
28.66,-4.34,0.00
28.76,-4.32,0.00
28.86,-4.30,0.00
28.96,-4.29,0.00
29.05,-4.30,0.00
29.15,-4.31,0.00
29.24,-4.34,0.00
29.33,-4.38,0.00
29.42,-4.42,0.00
29.50,-4.47,0.00
29.59,-4.53,0.00
29.67,-4.59,0.00
29.75,-4.66,0.00
29.83,-4.73,0.00
29.91,-4.80,0.00
29.99,-4.87,0.00
30.06,-4.95,0.00
30.14,-5.03,0.00
30.21,-5.10,0.00
30.29,-5.18,0.00
30.36,-5.25,0.00
30.44,-5.33,0.00
30.51,-5.40,0.00
30.59,-5.47,0.00
30.66,-5.54,0.00
30.72,-5.61,0.00
30.78,-5.69,0.00
30.84,-5.77,0.00
30.89,-5.86,0.00
30.93,-5.95,0.00
30.97,-6.04,0.00
31.01,-6.13,0.00
31.06,-6.23,0.00
31.10,-6.31,0.00
31.15,-6.40,0.00
31.20,-6.48,0.00
31.25,-6.56,0.00
31.31,-6.64,0.00
31.37,-6.71,0.00
31.43,-6.78,0.00
31.50,-6.84,0.00
31.58,-6.90,0.00
31.65,-6.96,0.00
31.73,-7.01,0.00
31.82,-7.05,0.00
31.91,-7.10,0.00
32.00,-7.14,0.00
32.10,-7.17,0.00
32.19,-7.21,0.00
32.30,-7.24,0.00
32.40,-7.27,0.00
32.50,-7.30,0.00
32.61,-7.32,0.00
32.71,-7.35,0.00
32.81,-7.38,0.00
32.92,-7.41,0.00
33.02,-7.44,0.00
33.12,-7.47,0.00
33.22,-7.51,0.00
33.32,-7.54,0.00
33.42,-7.58,0.00
33.51,-7.63,0.00
33.59,-7.67,0.00
33.68,-7.73,0.00
33.76,-7.78,0.00
33.83,-7.85,0.00
33.90,-7.92,0.00
33.96,-7.99,0.00
34.02,-8.07,0.00
34.07,-8.16,0.00
34.12,-8.25,0.00
34.17,-8.35,0.00
34.22,-8.44,0.00
34.26,-8.54,0.00
34.31,-8.63,0.00
34.36,-8.73,0.00
34.41,-8.82,0.00
34.46,-8.92,0.00
34.52,-9.00,0.00
34.58,-9.09,0.00
34.64,-9.17,0.00
34.71,-9.24,0.00
34.79,-9.32,0.00
34.86,-9.39,0.00
34.94,-9.46,0.00
35.02,-9.53,0.00
35.10,-9.60,0.00
35.17,-9.66,0.00
35.25,-9.73,0.00
35.33,-9.81,0.00
35.40,-9.88,0.00
35.47,-9.95,0.00
35.54,-10.03,0.00
35.60,-10.11,0.00
35.66,-10.19,0.00
35.73,-10.27,0.00
35.79,-10.35,0.00
35.85,-10.43,0.00
35.90,-10.52,0.00
35.96,-10.60,0.00
36.02,-10.69,0.00
36.07,-10.78,0.00
36.13,-10.87,0.00
36.18,-10.95,0.00
36.24,-11.04,0.00
36.29,-11.13,0.00
36.34,-11.22,0.00
36.40,-11.30,0.00
36.45,-11.39,0.00
36.51,-11.48,0.00
36.57,-11.56,0.00
36.62,-11.65,0.00
36.68,-11.74,0.00
36.74,-11.82,0.00
36.81,-11.90,0.00
36.87,-11.98,0.00
36.93,-12.07,0.00
37.00,-12.15,0.00
37.06,-12.23,0.00
37.13,-12.31,0.00
37.19,-12.39,0.00
37.26,-12.47,0.00
37.32,-12.55,0.00
37.39,-12.63,0.00
37.45,-12.71,0.00
37.51,-12.79,0.00
37.58,-12.87,0.00
37.64,-12.95,0.00
37.70,-13.03,0.00
37.76,-13.11,0.00
37.82,-13.19,0.00
37.87,-13.28,0.00
37.93,-13.36,0.00
37.98,-13.45,0.00
38.03,-13.54,0.00
38.08,-13.62,0.00
38.13,-13.71,0.00
38.17,-13.80,0.00
38.21,-13.90,0.00
38.26,-13.99,0.00
38.30,-14.08,0.00
38.35,-14.17,0.00
38.40,-14.25,0.00
38.45,-14.34,0.00
38.50,-14.43,0.00
38.56,-14.51,0.00
38.62,-14.59,0.00
38.68,-14.68,0.00
38.74,-14.76,0.00
38.80,-14.84,0.00
38.86,-14.92,0.00
38.91,-15.00,0.00
38.97,-15.08,0.00
39.03,-15.16,0.00
39.08,-15.25,0.00
39.14,-15.33,0.00
39.19,-15.42,0.00
39.24,-15.50,0.00
39.29,-15.59,0.00
39.33,-15.68,0.00
39.37,-15.77,0.00
39.41,-15.87,0.00
39.45,-15.96,0.00
39.48,-16.06,0.00
39.51,-16.16,0.00
39.55,-16.26,0.00
39.58,-16.35,0.00
39.61,-16.45,0.00
39.65,-16.55,0.00
39.69,-16.64,0.00
39.73,-16.74,0.00
39.77,-16.83,0.00
39.81,-16.92,0.00
39.86,-17.01,0.00
39.91,-17.09,0.00
39.97,-17.18,0.00
40.02,-17.26,0.00
40.08,-17.34,0.00
40.14,-17.42,0.00
40.21,-17.50,0.00
40.27,-17.58,0.00
40.34,-17.65,0.00
40.40,-17.73,0.00
40.47,-17.81,0.00
40.54,-17.88,0.00
40.61,-17.96,0.00
40.68,-18.03,0.00
40.75,-18.11,0.00
40.83,-18.18,0.00
40.90,-18.26,0.00
40.97,-18.33,0.00
41.04,-18.41,0.00
41.12,-18.48,0.00
41.19,-18.56,0.00
41.26,-18.63,0.00
41.34,-18.71,0.00
41.41,-18.78,0.00
41.48,-18.86,0.00
41.56,-18.93,0.00
41.63,-19.01,0.00
41.70,-19.08,0.00
41.78,-19.16,0.00
41.85,-19.24,0.00
41.92,-19.31,0.00
41.99,-19.39,0.00
42.06,-19.47,0.00
42.13,-19.55,0.00
42.20,-19.62,0.00
42.27,-19.70,0.00
42.34,-19.78,0.00
42.40,-19.86,0.00
42.47,-19.94,0.00
42.53,-20.02,0.00
42.60,-20.10,0.00
42.66,-20.18,0.00
42.72,-20.27,0.00
42.78,-20.35,0.00
42.84,-20.43,0.00
42.89,-20.52,0.00
42.95,-20.60,0.00
43.00,-20.69,0.00
43.05,-20.78,0.00
43.10,-20.86,0.00
43.15,-20.95,0.00
43.20,-21.04,0.00
43.24,-21.13,0.00
43.29,-21.22,0.00
43.33,-21.31,0.00
43.36,-21.41,0.00
43.40,-21.50,0.00
43.43,-21.59,0.00
43.46,-21.69,0.00
43.49,-21.79,0.00
43.52,-21.89,0.00
43.55,-21.98,0.00
43.57,-22.08,0.00
43.59,-22.18,0.00
43.61,-22.29,0.00
43.63,-22.39,0.00
43.64,-22.49,0.00
43.66,-22.59,0.00
43.68,-22.70,0.00
43.69,-22.80,0.00
43.70,-22.90,0.00
43.71,-23.01,0.00
43.72,-23.11,0.00
43.74,-23.22,0.00
43.75,-23.32,0.00
43.76,-23.43,0.00
43.77,-23.53,0.00
43.77,-23.64,0.00
43.78,-23.74,0.00
43.79,-23.84,0.00
43.81,-23.95,0.00
43.82,-24.05,0.00
43.83,-24.15,0.00
43.84,-24.26,0.00
43.85,-24.36,0.00
43.86,-24.46,0.00
43.88,-24.56,0.00
43.89,-24.66,0.00
43.91,-24.77,0.00
43.92,-24.87,0.00
43.93,-24.97,0.00
43.95,-25.07,0.00
43.97,-25.17,0.00
43.98,-25.27,0.00
44.00,-25.37,0.00
44.01,-25.47,0.00
44.03,-25.57,0.00
44.05,-25.67,0.00
44.07,-25.77,0.00
44.08,-25.87,0.00
44.10,-25.97,0.00
44.12,-26.07,0.00
44.14,-26.17,0.00
44.16,-26.27,0.00
44.18,-26.37,0.00
44.20,-26.48,0.00
44.22,-26.58,0.00
44.24,-26.68,0.00
44.26,-26.78,0.00
44.28,-26.88,0.00
44.30,-26.98,0.00
44.32,-27.08,0.00
44.34,-27.18,0.00
44.36,-27.29,0.00
44.38,-27.39,0.00
44.41,-27.49,0.00
44.43,-27.59,0.00
44.45,-27.69,0.00
44.48,-27.79,0.00
44.50,-27.89,0.00
44.53,-27.99,0.00
44.55,-28.09,0.00
44.58,-28.19,0.00
44.61,-28.29,0.00
44.64,-28.39,0.00
44.66,-28.49,0.00
44.69,-28.59,0.00
44.73,-28.69,0.00
44.76,-28.79,0.00
44.79,-28.89,0.00
44.82,-28.99,0.00
44.86,-29.08,0.00
44.89,-29.18,0.00
44.93,-29.28,0.00
44.96,-29.37,0.00
45.00,-29.47,0.00
45.04,-29.56,0.00
45.08,-29.66,0.00
45.12,-29.75,0.00
45.16,-29.85,0.00
45.20,-29.94,0.00
45.24,-30.03,0.00
45.28,-30.13,0.00
45.32,-30.22,0.00
45.37,-30.31,0.00
45.41,-30.40,0.00
45.45,-30.49,0.00
45.50,-30.59,0.00
45.54,-30.68,0.00
45.59,-30.76,0.00
45.64,-30.85,0.00
45.68,-30.94,0.00
45.73,-31.03,0.00
45.78,-31.12,0.00
45.82,-31.21,0.00
45.87,-31.30,0.00
45.92,-31.38,0.00
45.96,-31.47,0.00
46.01,-31.56,0.00
46.05,-31.66,0.00
46.09,-31.75,0.00
46.13,-31.84,0.00
46.17,-31.94,0.00
46.20,-32.04,0.00
46.23,-32.14,0.00
46.27,-32.24,0.00
46.29,-32.34,0.00
46.32,-32.44,0.00
46.34,-32.55,0.00
46.36,-32.65,0.00
46.38,-32.76,0.00
46.39,-32.86,0.00
46.40,-32.97,0.00
46.41,-33.07,0.00
46.41,-33.17,0.00
46.42,-33.28,0.00
46.41,-33.38,0.00
46.41,-33.48,0.00
46.40,-33.58,0.00
46.40,-33.68,0.00
46.39,-33.78,0.00
46.38,-33.88,0.00
46.37,-33.98,0.00
46.35,-34.08,0.00
46.34,-34.18,0.00
46.33,-34.28,0.00
46.32,-34.38,0.00
46.31,-34.48,0.00
46.30,-34.58,0.00
46.29,-34.68,0.00
46.29,-34.78,0.00
46.28,-34.89,0.00
46.27,-34.99,0.00
46.26,-35.09,0.00
46.25,-35.19,0.00
46.24,-35.30,0.00
46.23,-35.40,0.00
46.22,-35.50,0.00
46.21,-35.61,0.00
46.20,-35.71,0.00
46.18,-35.81,0.00
46.17,-35.91,0.00
46.15,-36.01,0.00
46.14,-36.11,0.00
46.12,-36.22,0.00
46.11,-36.32,0.00
46.09,-36.42,0.00
46.07,-36.52,0.00
46.05,-36.62,0.00
46.03,-36.72,0.00
46.02,-36.82,0.00
46.00,-36.92,0.00
45.98,-37.02,0.00
45.96,-37.12,0.00
45.94,-37.22,0.00
45.93,-37.33,0.00
45.91,-37.43,0.00
45.89,-37.53,0.00
45.88,-37.63,0.00
45.86,-37.73,0.00
45.85,-37.83,0.00
45.83,-37.93,0.00
45.82,-38.03,0.00
45.81,-38.14,0.00
45.80,-38.24,0.00
45.78,-38.34,0.00
45.77,-38.44,0.00
45.76,-38.54,0.00
45.75,-38.64,0.00
45.74,-38.75,0.00
45.73,-38.85,0.00
45.71,-38.95,0.00
45.70,-39.05,0.00
45.69,-39.15,0.00
45.67,-39.25,0.00
45.65,-39.35,0.00
45.64,-39.45,0.00
45.62,-39.55,0.00
45.59,-39.65,0.00
45.57,-39.74,0.00
45.54,-39.84,0.00
45.52,-39.94,0.00
45.49,-40.03,0.00
45.45,-40.13,0.00
45.42,-40.22,0.00
45.38,-40.32,0.00
45.34,-40.41,0.00
45.29,-40.50,0.00
45.25,-40.59,0.00
45.20,-40.68,0.00
45.15,-40.78,0.00
45.10,-40.87,0.00
45.05,-40.96,0.00
45.00,-41.05,0.00
44.95,-41.14,0.00
44.90,-41.23,0.00
44.85,-41.32,0.00
44.80,-41.41,0.00
44.75,-41.50,0.00
44.70,-41.59,0.00
44.65,-41.69,0.00
44.61,-41.78,0.00
44.56,-41.87,0.00
44.52,-41.97,0.00
44.49,-42.06,0.00
44.45,-42.16,0.00
44.42,-42.26,0.00
44.39,-42.36,0.00
44.37,-42.46,0.00
44.34,-42.56,0.00
44.32,-42.66,0.00
44.31,-42.77,0.00
44.29,-42.87,0.00
44.27,-42.97,0.00
44.26,-43.07,0.00
44.24,-43.17,0.00
44.22,-43.27,0.00
44.19,-43.37,0.00
44.17,-43.47,0.00
44.14,-43.57,0.00
44.10,-43.66,0.00
44.06,-43.75,0.00
44.01,-43.84,0.00
43.96,-43.92,0.00
43.89,-44.00,0.00
43.82,-44.08,0.00
43.74,-44.15,0.00
43.66,-44.22,0.00
43.56,-44.28,0.00
43.44,-44.34,0.00
43.32,-44.40,0.00
0.29,-0.63,0.00
0.39,-0.63,0.00
0.49,-0.63,0.00
0.60,-0.63,0.00
0.70,-0.63,0.00
0.80,-0.63,0.00
0.90,-0.63,0.00
1.00,-0.63,0.00
1.10,-0.63,0.00
1.20,-0.64,0.00
1.30,-0.64,0.00
1.40,-0.65,0.00
1.50,-0.65,0.00
1.60,-0.66,0.00
1.70,-0.67,0.00
1.80,-0.68,0.00
1.90,-0.69,0.00
2.00,-0.70,0.00
2.10,-0.71,0.00
2.20,-0.72,0.00
2.30,-0.74,0.00
2.40,-0.75,0.00
2.49,-0.76,0.00
2.59,-0.78,0.00
2.69,-0.79,0.00
2.79,-0.81,0.00
2.89,-0.82,0.00
2.98,-0.84,0.00
3.08,-0.86,0.00
3.18,-0.87,0.00
3.28,-0.89,0.00
3.38,-0.91,0.00
3.47,-0.93,0.00
3.57,-0.95,0.00
3.67,-0.97,0.00
3.77,-0.99,0.00
3.86,-1.01,0.00
3.96,-1.03,0.00
4.06,-1.05,0.00
4.16,-1.07,0.00
4.25,-1.09,0.00
4.35,-1.11,0.00
4.45,-1.13,0.00
4.55,-1.15,0.00
4.64,-1.17,0.00
4.74,-1.19,0.00
4.84,-1.21,0.00
4.94,-1.23,0.00
5.03,-1.25,0.00
5.13,-1.28,0.00
5.23,-1.30,0.00
5.33,-1.32,0.00
5.42,-1.34,0.00
5.52,-1.36,0.00
5.62,-1.38,0.00
5.72,-1.40,0.00
5.82,-1.42,0.00
5.91,-1.44,0.00
6.01,-1.46,0.00
6.11,-1.48,0.00
6.21,-1.50,0.00
6.30,-1.52,0.00
6.40,-1.55,0.00
6.50,-1.57,0.00
6.60,-1.59,0.00
6.70,-1.61,0.00
6.79,-1.63,0.00
6.89,-1.65,0.00
6.99,-1.67,0.00
7.09,-1.69,0.00
7.19,-1.71,0.00
7.28,-1.73,0.00
7.38,-1.75,0.00
7.48,-1.78,0.00
7.58,-1.80,0.00
7.68,-1.82,0.00
7.77,-1.84,0.00
7.87,-1.86,0.00
7.97,-1.88,0.00
8.07,-1.90,0.00
8.17,-1.93,0.00
8.26,-1.95,0.00
8.36,-1.97,0.00
8.46,-1.99,0.00
8.56,-2.01,0.00
8.65,-2.04,0.00
8.75,-2.06,0.00
8.85,-2.08,0.00
8.95,-2.10,0.00
9.05,-2.13,0.00
9.14,-2.15,0.00
9.24,-2.17,0.00
9.34,-2.20,0.00
9.44,-2.22,0.00
9.53,-2.24,0.00
9.63,-2.27,0.00
9.73,-2.29,0.00
9.83,-2.31,0.00
9.92,-2.34,0.00
10.02,-2.36,0.00
10.12,-2.38,0.00
10.21,-2.41,0.00
10.31,-2.43,0.00
10.41,-2.46,0.00
10.50,-2.48,0.00
10.60,-2.51,0.00
10.70,-2.53,0.00
10.79,-2.56,0.00
10.89,-2.59,0.00
10.99,-2.61,0.00
11.08,-2.64,0.00
11.18,-2.67,0.00
11.28,-2.69,0.00
11.37,-2.72,0.00
11.47,-2.75,0.00
11.57,-2.77,0.00
11.66,-2.80,0.00
11.76,-2.83,0.00
11.85,-2.86,0.00
11.95,-2.89,0.00
12.04,-2.92,0.00
12.14,-2.95,0.00
12.23,-2.98,0.00
12.33,-3.01,0.00
12.43,-3.04,0.00
12.52,-3.07,0.00
12.62,-3.10,0.00
12.71,-3.13,0.00
12.80,-3.16,0.00
12.90,-3.20,0.00
12.99,-3.23,0.00
13.09,-3.26,0.00
13.18,-3.30,0.00
13.28,-3.33,0.00
13.37,-3.36,0.00
13.46,-3.40,0.00
13.56,-3.43,0.00
13.65,-3.47,0.00
13.74,-3.51,0.00
13.84,-3.54,0.00
13.93,-3.58,0.00
14.02,-3.62,0.00
14.12,-3.66,0.00
14.21,-3.69,0.00
14.30,-3.73,0.00
14.39,-3.77,0.00
14.49,-3.81,0.00
14.58,-3.85,0.00
14.67,-3.89,0.00
14.76,-3.93,0.00
14.85,-3.98,0.00
14.94,-4.02,0.00
15.03,-4.06,0.00
15.12,-4.10,0.00
15.21,-4.15,0.00
15.30,-4.19,0.00
15.39,-4.24,0.00
15.48,-4.28,0.00
15.57,-4.33,0.00
15.66,-4.37,0.00
15.75,-4.42,0.00
15.84,-4.47,0.00
15.93,-4.51,0.00
16.01,-4.56,0.00
16.10,-4.61,0.00
16.19,-4.66,0.00
16.27,-4.71,0.00
16.36,-4.76,0.00
16.44,-4.81,0.00
16.53,-4.86,0.00
16.62,-4.91,0.00
16.70,-4.95,0.00
16.79,-5.00,0.00
16.88,-5.05,0.00
16.96,-5.10,0.00
17.05,-5.14,0.00
17.14,-5.19,0.00
17.22,-5.23,0.00
17.31,-5.28,0.00
17.40,-5.32,0.00
17.49,-5.36,0.00
17.58,-5.40,0.00
17.67,-5.44,0.00
17.76,-5.47,0.00
17.86,-5.51,0.00
17.95,-5.54,0.00
18.05,-5.57,0.00
18.14,-5.60,0.00
18.24,-5.62,0.00
18.34,-5.65,0.00
18.43,-5.67,0.00
18.53,-5.69,0.00
18.63,-5.71,0.00
18.73,-5.72,0.00
18.83,-5.74,0.00
18.93,-5.75,0.00
19.04,-5.76,0.00
19.14,-5.76,0.00
19.24,-5.77,0.00
19.34,-5.77,0.00
19.44,-5.77,0.00
19.54,-5.76,0.00
19.64,-5.76,0.00
19.75,-5.75,0.00
19.85,-5.74,0.00
19.95,-5.72,0.00
20.05,-5.70,0.00
20.14,-5.69,0.00
20.24,-5.66,0.00
20.34,-5.64,0.00
20.43,-5.61,0.00
20.53,-5.58,0.00
20.62,-5.55,0.00
20.72,-5.51,0.00
20.81,-5.48,0.00
20.90,-5.44,0.00
20.99,-5.40,0.00
21.08,-5.36,0.00
21.18,-5.33,0.00
21.27,-5.29,0.00
21.36,-5.25,0.00
21.45,-5.22,0.00
21.54,-5.18,0.00
21.63,-5.15,0.00
21.72,-5.12,0.00
21.81,-5.10,0.00
21.91,-5.07,0.00
22.00,-5.05,0.00
22.09,-5.03,0.00
22.19,-5.02,0.00
22.28,-5.00,0.00
22.38,-4.99,0.00
22.47,-4.98,0.00
22.57,-4.98,0.00
22.67,-4.97,0.00
22.76,-4.97,0.00
22.86,-4.97,0.00
22.96,-4.97,0.00
23.06,-4.98,0.00
23.16,-4.99,0.00
23.26,-4.99,0.00
23.36,-5.00,0.00
23.46,-5.01,0.00
23.56,-5.02,0.00
23.66,-5.04,0.00
23.76,-5.05,0.00
23.86,-5.06,0.00
23.96,-5.08,0.00
24.06,-5.09,0.00
24.16,-5.11,0.00
24.26,-5.12,0.00
24.36,-5.14,0.00
24.46,-5.15,0.00
24.56,-5.16,0.00
24.66,-5.17,0.00
24.76,-5.19,0.00
24.86,-5.20,0.00
24.96,-5.20,0.00
25.06,-5.21,0.00
25.16,-5.22,0.00
25.26,-5.22,0.00
25.36,-5.23,0.00
25.46,-5.23,0.00
25.56,-5.23,0.00
25.66,-5.23,0.00
25.76,-5.24,0.00
25.86,-5.24,0.00
25.95,-5.24,0.00
26.05,-5.25,0.00
26.15,-5.25,0.00
26.25,-5.26,0.00
26.35,-5.27,0.00
26.45,-5.28,0.00
26.55,-5.29,0.00
26.65,-5.30,0.00
26.75,-5.32,0.00
26.85,-5.33,0.00
26.95,-5.34,0.00
27.05,-5.36,0.00
27.15,-5.37,0.00
27.25,-5.38,0.00
27.35,-5.39,0.00
27.45,-5.40,0.00
27.55,-5.40,0.00
27.65,-5.41,0.00
27.75,-5.41,0.00
27.85,-5.42,0.00
27.95,-5.42,0.00
28.05,-5.43,0.00
28.14,-5.44,0.00
28.24,-5.45,0.00
28.33,-5.47,0.00
28.42,-5.49,0.00
28.51,-5.51,0.00
28.60,-5.54,0.00
28.68,-5.58,0.00
28.76,-5.63,0.00
28.84,-5.68,0.00
28.91,-5.73,0.00
28.99,-5.79,0.00
29.06,-5.85,0.00
29.14,-5.92,0.00
29.21,-5.99,0.00
29.28,-6.06,0.00
29.35,-6.13,0.00
29.42,-6.20,0.00
29.49,-6.28,0.00
29.56,-6.35,0.00
29.64,-6.42,0.00
29.71,-6.49,0.00
29.78,-6.56,0.00
29.86,-6.63,0.00
29.93,-6.69,0.00
30.01,-6.76,0.00
30.09,-6.83,0.00
30.16,-6.89,0.00
30.24,-6.95,0.00
30.32,-7.01,0.00
30.40,-7.07,0.00
30.49,-7.13,0.00
30.57,-7.18,0.00
30.65,-7.23,0.00
30.74,-7.28,0.00
30.83,-7.33,0.00
30.91,-7.38,0.00
31.00,-7.43,0.00
31.09,-7.47,0.00
31.18,-7.52,0.00
31.27,-7.56,0.00
31.36,-7.60,0.00
31.46,-7.64,0.00
31.55,-7.68,0.00
31.65,-7.72,0.00
31.74,-7.76,0.00
31.84,-7.79,0.00
31.93,-7.83,0.00
32.03,-7.87,0.00
32.12,-7.91,0.00
32.21,-7.95,0.00
32.30,-7.99,0.00
32.39,-8.03,0.00
32.48,-8.08,0.00
32.57,-8.12,0.00
32.65,-8.17,0.00
32.73,-8.22,0.00
32.81,-8.27,0.00
32.89,-8.33,0.00
32.96,-8.38,0.00
33.03,-8.44,0.00
33.10,-8.51,0.00
33.17,-8.57,0.00
33.23,-8.64,0.00
33.29,-8.72,0.00
33.35,-8.79,0.00
33.40,-8.87,0.00
33.45,-8.95,0.00
33.50,-9.04,0.00
33.55,-9.12,0.00
33.59,-9.21,0.00
33.64,-9.30,0.00
33.69,-9.39,0.00
33.74,-9.48,0.00
33.78,-9.56,0.00
33.84,-9.65,0.00
33.89,-9.74,0.00
33.94,-9.82,0.00
34.00,-9.90,0.00
34.06,-9.98,0.00
34.12,-10.06,0.00
34.18,-10.14,0.00
34.25,-10.22,0.00
34.31,-10.30,0.00
34.37,-10.38,0.00
34.43,-10.46,0.00
34.50,-10.54,0.00
34.55,-10.62,0.00
34.61,-10.70,0.00
34.67,-10.78,0.00
34.72,-10.87,0.00
34.77,-10.95,0.00
34.82,-11.04,0.00
34.87,-11.13,0.00
34.91,-11.21,0.00
34.96,-11.30,0.00
35.00,-11.39,0.00
35.05,-11.48,0.00
35.09,-11.57,0.00
35.13,-11.66,0.00
35.17,-11.75,0.00
35.21,-11.85,0.00
35.25,-11.94,0.00
35.29,-12.03,0.00
35.33,-12.12,0.00
35.37,-12.21,0.00
35.41,-12.31,0.00
35.46,-12.40,0.00
35.50,-12.49,0.00
35.54,-12.58,0.00
35.58,-12.67,0.00
35.62,-12.76,0.00
35.67,-12.85,0.00
35.71,-12.94,0.00
35.76,-13.03,0.00
35.81,-13.12,0.00
35.85,-13.21,0.00
35.90,-13.29,0.00
35.95,-13.38,0.00
36.00,-13.47,0.00
36.04,-13.56,0.00
36.09,-13.64,0.00
36.14,-13.73,0.00
36.19,-13.82,0.00
36.24,-13.91,0.00
36.29,-13.99,0.00
36.34,-14.08,0.00
36.39,-14.17,0.00
36.44,-14.25,0.00
36.49,-14.34,0.00
36.54,-14.43,0.00
36.58,-14.51,0.00
36.63,-14.60,0.00
36.68,-14.69,0.00
36.73,-14.78,0.00
36.77,-14.86,0.00
36.82,-14.95,0.00
36.87,-15.04,0.00
36.91,-15.13,0.00
36.96,-15.22,0.00
37.00,-15.31,0.00
37.05,-15.40,0.00
37.09,-15.48,0.00
37.14,-15.57,0.00
37.19,-15.66,0.00
37.23,-15.75,0.00
37.28,-15.84,0.00
37.33,-15.92,0.00
37.37,-16.01,0.00
37.42,-16.10,0.00
37.47,-16.19,0.00
37.52,-16.27,0.00
37.57,-16.36,0.00
37.62,-16.44,0.00
37.67,-16.53,0.00
37.72,-16.61,0.00
37.78,-16.70,0.00
37.83,-16.78,0.00
37.89,-16.86,0.00
37.94,-16.94,0.00
38.00,-17.02,0.00
38.06,-17.10,0.00
38.12,-17.18,0.00
38.18,-17.26,0.00
38.24,-17.34,0.00
38.30,-17.42,0.00
38.36,-17.50,0.00
38.43,-17.58,0.00
38.49,-17.66,0.00
38.55,-17.73,0.00
38.62,-17.81,0.00
38.68,-17.89,0.00
38.75,-17.96,0.00
38.81,-18.04,0.00
38.88,-18.12,0.00
38.94,-18.19,0.00
39.01,-18.27,0.00
39.08,-18.34,0.00
39.14,-18.42,0.00
39.21,-18.50,0.00
39.27,-18.57,0.00
39.34,-18.65,0.00
39.41,-18.72,0.00
39.47,-18.80,0.00
39.54,-18.87,0.00
39.60,-18.95,0.00
39.67,-19.02,0.00
39.74,-19.10,0.00
39.80,-19.17,0.00
39.87,-19.24,0.00
39.94,-19.32,0.00
40.01,-19.39,0.00
40.08,-19.46,0.00
40.15,-19.53,0.00
40.22,-19.60,0.00
40.29,-19.68,0.00
40.36,-19.74,0.00
40.43,-19.81,0.00
40.51,-19.88,0.00
40.58,-19.95,0.00
40.65,-20.02,0.00
40.73,-20.08,0.00
40.81,-20.14,0.00
40.89,-20.21,0.00
40.97,-20.27,0.00
41.05,-20.33,0.00
41.13,-20.39,0.00
41.21,-20.46,0.00
41.29,-20.52,0.00
41.36,-20.58,0.00
41.44,-20.65,0.00
41.51,-20.71,0.00
41.58,-20.78,0.00
41.65,-20.85,0.00
41.71,-20.92,0.00
41.77,-21.00,0.00
41.83,-21.08,0.00
41.88,-21.16,0.00
41.92,-21.24,0.00
41.96,-21.33,0.00
42.00,-21.42,0.00
42.04,-21.51,0.00
42.07,-21.60,0.00
42.10,-21.69,0.00
42.13,-21.79,0.00
42.16,-21.89,0.00
42.19,-21.98,0.00
42.21,-22.08,0.00
42.24,-22.17,0.00
42.27,-22.27,0.00
42.30,-22.36,0.00
42.33,-22.46,0.00
42.36,-22.56,0.00
42.39,-22.65,0.00
42.41,-22.75,0.00
42.44,-22.84,0.00
42.47,-22.94,0.00
42.49,-23.04,0.00
42.52,-23.13,0.00
42.54,-23.23,0.00
42.57,-23.32,0.00
42.59,-23.42,0.00
42.61,-23.52,0.00
42.63,-23.62,0.00
42.65,-23.71,0.00
42.67,-23.81,0.00
42.69,-23.91,0.00
42.70,-24.01,0.00
42.72,-24.11,0.00
42.73,-24.21,0.00
42.74,-24.31,0.00
42.75,-24.41,0.00
42.76,-24.51,0.00
42.76,-24.61,0.00
42.77,-24.71,0.00
42.77,-24.81,0.00
42.78,-24.91,0.00
42.78,-25.01,0.00
42.78,-25.11,0.00
42.78,-25.22,0.00
42.78,-25.32,0.00
42.78,-25.42,0.00
42.79,-25.52,0.00
42.79,-25.62,0.00
42.79,-25.72,0.00
42.80,-25.82,0.00
42.80,-25.92,0.00
42.81,-26.03,0.00
42.81,-26.13,0.00
42.82,-26.23,0.00
42.83,-26.32,0.00
42.85,-26.42,0.00
42.86,-26.52,0.00
42.88,-26.62,0.00
42.90,-26.72,0.00
42.92,-26.81,0.00
42.94,-26.91,0.00
42.97,-27.00,0.00
43.00,-27.10,0.00
43.03,-27.19,0.00
43.06,-27.29,0.00
43.09,-27.38,0.00
43.13,-27.47,0.00
43.17,-27.56,0.00
43.20,-27.66,0.00
43.24,-27.75,0.00
43.28,-27.84,0.00
43.32,-27.93,0.00
43.36,-28.03,0.00
43.40,-28.12,0.00
43.44,-28.21,0.00
43.48,-28.30,0.00
43.52,-28.40,0.00
43.56,-28.49,0.00
43.60,-28.58,0.00
43.64,-28.67,0.00
43.68,-28.77,0.00
43.71,-28.86,0.00
43.75,-28.96,0.00
43.78,-29.05,0.00
43.82,-29.15,0.00
43.85,-29.24,0.00
43.88,-29.34,0.00
43.91,-29.43,0.00
43.94,-29.53,0.00
43.97,-29.63,0.00
44.00,-29.72,0.00
44.02,-29.82,0.00
44.05,-29.92,0.00
44.08,-30.01,0.00
44.11,-30.11,0.00
44.14,-30.20,0.00
44.17,-30.30,0.00
44.20,-30.39,0.00
44.23,-30.49,0.00
44.26,-30.58,0.00
44.30,-30.68,0.00
44.33,-30.77,0.00
44.37,-30.86,0.00
44.40,-30.95,0.00
44.44,-31.04,0.00
44.48,-31.13,0.00
44.52,-31.22,0.00
44.56,-31.31,0.00
44.61,-31.39,0.00
44.65,-31.48,0.00
44.70,-31.57,0.00
44.75,-31.65,0.00
44.80,-31.73,0.00
44.86,-31.81,0.00
44.91,-31.90,0.00
44.97,-31.98,0.00
45.03,-32.05,0.00
45.09,-32.13,0.00
45.16,-32.21,0.00
45.22,-32.29,0.00
45.28,-32.36,0.00
45.34,-32.44,0.00
45.40,-32.52,0.00
45.46,-32.60,0.00
45.51,-32.67,0.00
45.56,-32.76,0.00
45.60,-32.84,0.00
45.63,-32.92,0.00
45.65,-33.01,0.00
45.67,-33.10,0.00
45.68,-33.19,0.00
45.68,-33.29,0.00
45.67,-33.38,0.00
45.66,-33.48,0.00
45.65,-33.58,0.00
45.63,-33.68,0.00
45.61,-33.78,0.00
45.58,-33.88,0.00
45.56,-33.98,0.00
45.53,-34.08,0.00
45.51,-34.18,0.00
45.49,-34.28,0.00
45.46,-34.38,0.00
45.44,-34.48,0.00
45.42,-34.58,0.00
45.40,-34.68,0.00
45.39,-34.78,0.00
45.37,-34.88,0.00
45.36,-34.97,0.00
45.34,-35.07,0.00
45.33,-35.17,0.00
45.32,-35.27,0.00
45.31,-35.37,0.00
45.31,-35.47,0.00
45.30,-35.57,0.00
45.30,-35.67,0.00
45.30,-35.77,0.00
45.29,-35.87,0.00
45.29,-35.97,0.00
45.29,-36.07,0.00
45.29,-36.17,0.00
45.29,-36.27,0.00
45.29,-36.38,0.00
45.29,-36.48,0.00
45.29,-36.58,0.00
45.28,-36.68,0.00
45.28,-36.78,0.00
45.28,-36.88,0.00
45.27,-36.98,0.00
45.27,-37.08,0.00
45.26,-37.18,0.00
45.25,-37.28,0.00
45.25,-37.38,0.00
45.23,-37.48,0.00
45.22,-37.57,0.00
45.20,-37.67,0.00
45.19,-37.77,0.00
45.17,-37.87,0.00
45.14,-37.96,0.00
45.12,-38.06,0.00
45.09,-38.15,0.00
45.07,-38.25,0.00
45.04,-38.34,0.00
45.00,-38.44,0.00
44.97,-38.53,0.00
44.94,-38.63,0.00
44.90,-38.72,0.00
44.87,-38.82,0.00
44.83,-38.91,0.00
44.79,-39.00,0.00
44.76,-39.10,0.00
44.72,-39.19,0.00
44.68,-39.28,0.00
44.64,-39.38,0.00
44.60,-39.47,0.00
44.56,-39.56,0.00
44.52,-39.66,0.00
44.49,-39.75,0.00
44.45,-39.84,0.00
44.41,-39.94,0.00
44.38,-40.03,0.00
44.34,-40.13,0.00
44.31,-40.22,0.00
44.28,-40.32,0.00
44.24,-40.41,0.00
44.21,-40.50,0.00
44.18,-40.60,0.00
44.15,-40.70,0.00
44.12,-40.79,0.00
44.09,-40.89,0.00
44.06,-40.98,0.00
44.03,-41.08,0.00
44.00,-41.17,0.00
43.97,-41.27,0.00
43.95,-41.36,0.00
43.92,-41.46,0.00
43.89,-41.55,0.00
43.86,-41.65,0.00
43.83,-41.75,0.00
43.80,-41.84,0.00
43.78,-41.94,0.00
43.75,-42.03,0.00
43.72,-42.13,0.00
43.69,-42.22,0.00
43.66,-42.32,0.00
43.63,-42.41,0.00
43.60,-42.51,0.00
43.57,-42.60,0.00
43.54,-42.70,0.00
43.51,-42.79,0.00
43.48,-42.89,0.00
43.44,-42.98,0.00
43.41,-43.08,0.00
43.38,-43.17,0.00
43.34,-43.26,0.00
43.31,-43.36,0.00
43.27,-43.45,0.00
43.23,-43.55,0.00
43.19,-43.64,0.00
43.15,-43.73,0.00
43.11,-43.82,0.00
43.07,-43.92,0.00
43.03,-44.01,0.00
42.99,-44.10,0.00
42.94,-44.19,0.00
42.90,-44.28,0.00
