21.55,-3.76,0.00
21.62,-3.77,0.00
21.69,-3.77,0.00
21.76,-3.78,0.00
21.83,-3.79,0.00
21.90,-3.79,0.00
21.97,-3.80,0.00
22.03,-3.81,0.00
22.10,-3.82,0.00
22.17,-3.82,0.00
22.24,-3.83,0.00
22.31,-3.84,0.00
22.38,-3.85,0.00
22.45,-3.86,0.00
22.52,-3.87,0.00
22.59,-3.87,0.00
22.66,-3.88,0.00
22.73,-3.89,0.00
22.80,-3.90,0.00
22.87,-3.91,0.00
22.94,-3.91,0.00
23.01,-3.92,0.00
23.08,-3.92,0.00
23.15,-3.93,0.00
23.22,-3.93,0.00
23.29,-3.94,0.00
23.36,-3.94,0.00
23.43,-3.94,0.00
23.50,-3.94,0.00
23.57,-3.94,0.00
23.64,-3.94,0.00
23.71,-3.94,0.00
23.78,-3.94,0.00
23.85,-3.93,0.00
23.92,-3.93,0.00
23.99,-3.92,0.00
24.06,-3.92,0.00
24.13,-3.91,0.00
24.20,-3.90,0.00
24.27,-3.90,0.00
24.34,-3.89,0.00
24.41,-3.88,0.00
24.48,-3.87,0.00
24.55,-3.86,0.00
24.62,-3.86,0.00
24.69,-3.85,0.00
24.76,-3.84,0.00
24.83,-3.83,0.00
24.90,-3.83,0.00
24.97,-3.82,0.00
25.04,-3.82,0.00
25.11,-3.81,0.00
25.18,-3.81,0.00
25.25,-3.81,0.00
25.32,-3.81,0.00
25.39,-3.81,0.00
25.46,-3.81,0.00
25.53,-3.81,0.00
25.60,-3.82,0.00
25.67,-3.82,0.00
25.74,-3.83,0.00
25.81,-3.84,0.00
25.88,-3.85,0.00
25.95,-3.87,0.00
26.02,-3.88,0.00
26.08,-3.90,0.00
26.15,-3.92,0.00
26.22,-3.95,0.00
26.28,-3.97,0.00
26.35,-4.00,0.00
26.41,-4.03,0.00
26.47,-4.06,0.00
26.54,-4.09,0.00
26.60,-4.12,0.00
26.66,-4.16,0.00
26.72,-4.19,0.00
26.78,-4.22,0.00
26.85,-4.25,0.00
26.91,-4.29,0.00
26.97,-4.32,0.00
27.04,-4.35,0.00
27.10,-4.38,0.00
27.16,-4.40,0.00
27.23,-4.43,0.00
27.30,-4.45,0.00
27.36,-4.47,0.00
27.43,-4.49,0.00
27.50,-4.50,0.00
27.57,-4.51,0.00
27.64,-4.52,0.00
27.71,-4.52,0.00
27.78,-4.52,0.00
27.85,-4.52,0.00
27.92,-4.51,0.00
27.99,-4.51,0.00
28.06,-4.50,0.00
28.13,-4.48,0.00
28.20,-4.47,0.00
28.27,-4.45,0.00
28.33,-4.44,0.00
28.40,-4.42,0.00
28.47,-4.40,0.00
28.54,-4.38,0.00
28.60,-4.36,0.00
28.67,-4.34,0.00
28.74,-4.32,0.00
28.81,-4.31,0.00
28.88,-4.30,0.00
28.95,-4.29,0.00
29.02,-4.29,0.00
29.09,-4.30,0.00
29.16,-4.31,0.00
29.22,-4.33,0.00
29.29,-4.36,0.00
29.35,-4.39,0.00
29.42,-4.42,0.00
29.48,-4.46,0.00
29.54,-4.49,0.00
29.59,-4.53,0.00
29.65,-4.57,0.00
29.70,-4.62,0.00
29.76,-4.66,0.00
29.81,-4.71,0.00
29.86,-4.76,0.00
29.91,-4.80,0.00
29.96,-4.85,0.00
30.02,-4.90,0.00
30.06,-4.95,0.00
30.11,-5.00,0.00
30.16,-5.05,0.00
30.21,-5.10,0.00
30.26,-5.15,0.00
30.31,-5.20,0.00
30.36,-5.25,0.00
30.41,-5.30,0.00
30.46,-5.35,0.00
30.51,-5.40,0.00
30.56,-5.44,0.00
30.61,-5.49,0.00
30.66,-5.54,0.00
30.71,-5.60,0.00
30.75,-5.65,0.00
30.80,-5.71,0.00
30.83,-5.77,0.00
30.87,-5.83,0.00
30.90,-5.89,0.00
30.93,-5.95,0.00
30.96,-6.02,0.00
30.99,-6.08,0.00
31.02,-6.14,0.00
31.05,-6.21,0.00
31.08,-6.27,0.00
31.11,-6.33,0.00
31.14,-6.40,0.00
31.18,-6.46,0.00
31.22,-6.51,0.00
31.26,-6.57,0.00
31.30,-6.63,0.00
31.35,-6.68,0.00
31.39,-6.73,0.00
31.44,-6.78,0.00
31.49,-6.83,0.00
31.55,-6.88,0.00
31.60,-6.92,0.00
31.66,-6.96,0.00
31.72,-7.00,0.00
31.78,-7.03,0.00
31.84,-7.07,0.00
31.90,-7.10,0.00
31.97,-7.12,0.00
32.03,-7.15,0.00
32.10,-7.17,0.00
32.17,-7.20,0.00
32.23,-7.22,0.00
32.30,-7.24,0.00
32.37,-7.26,0.00
32.44,-7.28,0.00
32.50,-7.30,0.00
32.57,-7.31,0.00
32.64,-7.33,0.00
32.71,-7.35,0.00
32.77,-7.37,0.00
32.84,-7.39,0.00
32.91,-7.41,0.00
32.98,-7.43,0.00
33.04,-7.45,0.00
33.11,-7.47,0.00
33.18,-7.49,0.00
33.24,-7.51,0.00
33.31,-7.54,0.00
33.37,-7.56,0.00
33.44,-7.59,0.00
33.50,-7.62,0.00
33.56,-7.66,0.00
33.62,-7.69,0.00
33.68,-7.73,0.00
33.74,-7.77,0.00
33.79,-7.81,0.00
33.85,-7.86,0.00
33.90,-7.91,0.00
33.94,-7.97,0.00
33.98,-8.02,0.00
34.02,-8.08,0.00
34.06,-8.14,0.00
34.10,-8.20,0.00
34.13,-8.26,0.00
34.16,-8.32,0.00
34.19,-8.39,0.00
34.22,-8.45,0.00
34.25,-8.51,0.00
34.28,-8.58,0.00
34.31,-8.64,0.00
34.34,-8.70,0.00
34.38,-8.77,0.00
34.41,-8.83,0.00
34.44,-8.89,0.00
34.48,-8.95,0.00
34.52,-9.01,0.00
34.56,-9.06,0.00
34.60,-9.12,0.00
34.65,-9.17,0.00
34.70,-9.22,0.00
34.74,-9.27,0.00
34.79,-9.32,0.00
34.85,-9.37,0.00
34.90,-9.42,0.00
34.95,-9.47,0.00
35.00,-9.51,0.00
35.05,-9.56,0.00
35.11,-9.61,0.00
35.16,-9.65,0.00
35.21,-9.70,0.00
35.26,-9.75,0.00
35.32,-9.79,0.00
35.36,-9.84,0.00
35.41,-9.89,0.00
35.46,-9.95,0.00
35.51,-10.00,0.00
35.55,-10.05,0.00
35.60,-10.11,0.00
35.64,-10.16,0.00
35.69,-10.22,0.00
35.73,-10.27,0.00
35.77,-10.33,0.00
35.81,-10.38,0.00
35.85,-10.44,0.00
35.89,-10.50,0.00
35.93,-10.56,0.00
35.97,-10.62,0.00
36.01,-10.68,0.00
36.04,-10.73,0.00
36.08,-10.79,0.00
36.12,-10.85,0.00
36.16,-10.91,0.00
36.19,-10.97,0.00
36.23,-11.03,0.00
36.27,-11.09,0.00
36.30,-11.15,0.00
36.34,-11.21,0.00
36.38,-11.27,0.00
36.42,-11.33,0.00
36.45,-11.39,0.00
36.49,-11.45,0.00
36.53,-11.51,0.00
36.57,-11.57,0.00
36.61,-11.62,0.00
36.65,-11.68,0.00
36.69,-11.74,0.00
36.73,-11.80,0.00
36.77,-11.85,0.00
36.81,-11.91,0.00
36.85,-11.97,0.00
36.90,-12.02,0.00
36.94,-12.08,0.00
36.98,-12.13,0.00
37.03,-12.19,0.00
37.07,-12.24,0.00
37.12,-12.30,0.00
37.16,-12.35,0.00
37.20,-12.40,0.00
37.25,-12.46,0.00
37.29,-12.51,0.00
37.34,-12.57,0.00
37.38,-12.62,0.00
37.43,-12.68,0.00
37.47,-12.73,0.00
37.51,-12.79,0.00
37.56,-12.84,0.00
37.60,-12.90,0.00
37.64,-12.95,0.00
37.68,-13.01,0.00
37.73,-13.07,0.00
37.77,-13.12,0.00
37.81,-13.18,0.00
37.85,-13.24,0.00
37.89,-13.30,0.00
37.92,-13.36,0.00
37.96,-13.41,0.00
38.00,-13.48,0.00
38.03,-13.54,0.00
21.81,-5.10,0.00
21.88,-5.08,0.00
21.94,-5.07,0.00
22.00,-5.05,0.00
22.06,-5.04,0.00
22.13,-5.03,0.00
22.19,-5.02,0.00
22.25,-5.01,0.00
22.31,-5.00,0.00
22.38,-4.99,0.00
22.44,-4.99,0.00
22.50,-4.98,0.00
22.57,-4.98,0.00
22.63,-4.97,0.00
22.70,-4.97,0.00
22.76,-4.97,0.00
22.82,-4.97,0.00
22.89,-4.97,0.00
22.95,-4.97,0.00
23.01,-4.98,0.00
23.08,-4.98,0.00
23.14,-4.98,0.00
23.20,-4.99,0.00
23.27,-4.99,0.00
23.33,-5.00,0.00
23.39,-5.01,0.00
23.46,-5.01,0.00
23.52,-5.02,0.00
23.58,-5.03,0.00
23.65,-5.04,0.00
23.71,-5.04,0.00
23.77,-5.05,0.00
23.84,-5.06,0.00
23.90,-5.07,0.00
23.96,-5.08,0.00
24.03,-5.09,0.00
24.09,-5.10,0.00
24.15,-5.11,0.00
24.22,-5.11,0.00
24.28,-5.12,0.00
24.34,-5.13,0.00
24.40,-5.14,0.00
24.47,-5.15,0.00
24.53,-5.16,0.00
24.59,-5.17,0.00
24.66,-5.17,0.00
24.72,-5.18,0.00
24.78,-5.19,0.00
24.85,-5.19,0.00
24.91,-5.20,0.00
24.97,-5.21,0.00
25.04,-5.21,0.00
25.10,-5.21,0.00
25.17,-5.22,0.00
25.23,-5.22,0.00
25.29,-5.22,0.00
25.36,-5.23,0.00
25.42,-5.23,0.00
25.48,-5.23,0.00
25.55,-5.23,0.00
25.61,-5.23,0.00
25.67,-5.23,0.00
25.74,-5.24,0.00
25.80,-5.24,0.00
25.87,-5.24,0.00
25.93,-5.24,0.00
25.99,-5.24,0.00
26.06,-5.25,0.00
26.12,-5.25,0.00
26.18,-5.25,0.00
26.25,-5.26,0.00
26.31,-5.26,0.00
26.37,-5.27,0.00
26.44,-5.28,0.00
26.50,-5.28,0.00
26.56,-5.29,0.00
26.63,-5.30,0.00
26.69,-5.31,0.00
26.75,-5.32,0.00
26.82,-5.32,0.00
26.88,-5.33,0.00
26.94,-5.34,0.00
27.01,-5.35,0.00
27.07,-5.36,0.00
27.13,-5.37,0.00
27.20,-5.37,0.00
27.26,-5.38,0.00
27.32,-5.39,0.00
27.39,-5.39,0.00
27.45,-5.40,0.00
27.51,-5.40,0.00
27.58,-5.40,0.00
27.64,-5.41,0.00
27.70,-5.41,0.00
27.77,-5.41,0.00
27.83,-5.42,0.00
27.89,-5.42,0.00
27.96,-5.42,0.00
28.02,-5.43,0.00
28.09,-5.43,0.00
28.15,-5.44,0.00
28.21,-5.45,0.00
28.27,-5.46,0.00
28.34,-5.47,0.00
28.40,-5.48,0.00
28.46,-5.50,0.00
28.52,-5.52,0.00
28.58,-5.54,0.00
28.64,-5.56,0.00
28.70,-5.59,0.00
28.75,-5.62,0.00
28.81,-5.66,0.00
28.86,-5.69,0.00
28.91,-5.73,0.00
28.96,-5.77,0.00
29.01,-5.81,0.00
29.06,-5.85,0.00
29.11,-5.89,0.00
29.15,-5.94,0.00
29.20,-5.98,0.00
29.24,-6.03,0.00
29.29,-6.07,0.00
29.33,-6.12,0.00
29.38,-6.16,0.00
29.42,-6.21,0.00
29.47,-6.25,0.00
29.51,-6.30,0.00
29.56,-6.34,0.00
29.60,-6.39,0.00
29.65,-6.43,0.00
29.69,-6.48,0.00
29.74,-6.52,0.00
29.79,-6.56,0.00
29.83,-6.61,0.00
29.88,-6.65,0.00
29.93,-6.69,0.00
29.98,-6.73,0.00
30.03,-6.78,0.00
30.08,-6.82,0.00
30.12,-6.86,0.00
30.17,-6.90,0.00
30.22,-6.94,0.00
30.28,-6.97,0.00
30.33,-7.01,0.00
30.38,-7.05,0.00
30.43,-7.09,0.00
30.48,-7.12,0.00
30.54,-7.16,0.00
30.59,-7.19,0.00
30.64,-7.23,0.00
30.70,-7.26,0.00
30.75,-7.29,0.00
30.81,-7.32,0.00
30.86,-7.35,0.00
30.92,-7.38,0.00
30.98,-7.41,0.00
31.03,-7.44,0.00
31.09,-7.47,0.00
31.15,-7.50,0.00
31.20,-7.53,0.00
31.26,-7.55,0.00
31.32,-7.58,0.00
31.38,-7.61,0.00
31.44,-7.63,0.00
31.50,-7.66,0.00
31.55,-7.68,0.00
31.61,-7.70,0.00
31.67,-7.73,0.00
31.73,-7.75,0.00
31.79,-7.78,0.00
31.85,-7.80,0.00
31.91,-7.82,0.00
31.97,-7.85,0.00
32.03,-7.87,0.00
32.09,-7.89,0.00
32.14,-7.92,0.00
32.20,-7.94,0.00
32.26,-7.97,0.00
32.32,-8.00,0.00
32.38,-8.02,0.00
32.43,-8.05,0.00
32.49,-8.08,0.00
32.55,-8.11,0.00
32.60,-8.14,0.00
32.66,-8.17,0.00
32.71,-8.21,0.00
32.77,-8.24,0.00
32.82,-8.28,0.00
32.87,-8.31,0.00
32.92,-8.35,0.00
32.97,-8.39,0.00
33.02,-8.43,0.00
33.07,-8.48,0.00
33.11,-8.52,0.00
33.16,-8.56,0.00
33.20,-8.61,0.00
33.24,-8.66,0.00
33.28,-8.71,0.00
33.32,-8.76,0.00
33.36,-8.81,0.00
33.39,-8.86,0.00
33.43,-8.92,0.00
33.46,-8.97,0.00
33.49,-9.03,0.00
33.52,-9.08,0.00
33.55,-9.14,0.00
33.59,-9.20,0.00
33.62,-9.25,0.00
33.65,-9.31,0.00
33.67,-9.36,0.00
33.71,-9.42,0.00
33.74,-9.48,0.00
33.77,-9.53,0.00
33.80,-9.59,0.00
33.83,-9.64,0.00
33.86,-9.70,0.00
33.90,-9.75,0.00
33.93,-9.80,0.00
33.97,-9.86,0.00
34.01,-9.91,0.00
34.04,-9.96,0.00
34.08,-10.01,0.00
34.12,-10.06,0.00
34.16,-10.11,0.00
34.20,-10.16,0.00
34.24,-10.21,0.00
34.28,-10.26,0.00
34.32,-10.31,0.00
34.36,-10.36,0.00
34.40,-10.41,0.00
34.44,-10.46,0.00
34.48,-10.51,0.00
34.51,-10.56,0.00
34.55,-10.61,0.00
34.59,-10.67,0.00
34.62,-10.72,0.00
34.66,-10.77,0.00
34.69,-10.82,0.00
34.73,-10.88,0.00
34.76,-10.93,0.00
34.79,-10.99,0.00
34.82,-11.04,0.00
34.85,-11.10,0.00
34.88,-11.16,0.00
34.91,-11.21,0.00
34.94,-11.27,0.00
34.97,-11.33,0.00
35.00,-11.38,0.00
35.03,-11.44,0.00
35.05,-11.50,0.00
35.08,-11.56,0.00
35.11,-11.61,0.00
35.14,-11.67,0.00
35.16,-11.73,0.00
35.19,-11.79,0.00
35.21,-11.85,0.00
35.24,-11.90,0.00
35.26,-11.96,0.00
35.29,-12.02,0.00
35.32,-12.08,0.00
35.34,-12.14,0.00
35.37,-12.20,0.00
35.39,-12.25,0.00
35.42,-12.31,0.00
35.44,-12.37,0.00
35.47,-12.43,0.00
35.50,-12.49,0.00
35.52,-12.54,0.00
35.55,-12.60,0.00
35.58,-12.66,0.00
35.60,-12.72,0.00
35.63,-12.78,0.00
35.66,-12.83,0.00
35.69,-12.89,0.00
35.72,-12.95,0.00
35.75,-13.00,0.00
35.77,-13.06,0.00
35.80,-13.12,0.00
35.83,-13.17,0.00
35.86,-13.23,0.00
35.89,-13.28,0.00
35.92,-13.34,0.00
35.95,-13.40,0.00
35.99,-13.45,0.00
36.02,-13.51,0.00
36.05,-13.56,0.00
36.08,-13.62,0.00
36.11,-13.67,0.00
36.14,-13.73,0.00
36.17,-13.79,0.00
36.20,-13.84,0.00
36.24,-13.90,0.00
36.27,-13.95,0.00
36.30,-14.01,0.00
36.33,-14.06,0.00
36.36,-14.12,0.00
36.39,-14.17,0.00
36.42,-14.23,0.00
36.46,-14.28,0.00
36.49,-14.34,0.00
