0.36,0.87,0.00
0.42,0.88,0.00
0.49,0.89,0.00
0.56,0.89,0.00
0.63,0.90,0.00
0.69,0.90,0.00
0.76,0.90,0.00
0.83,0.91,0.00
0.90,0.91,0.00
0.96,0.91,0.00
1.03,0.91,0.00
1.10,0.91,0.00
1.17,0.91,0.00
1.23,0.91,0.00
1.30,0.91,0.00
1.37,0.91,0.00
1.44,0.91,0.00
1.50,0.91,0.00
1.57,0.91,0.00
1.64,0.91,0.00
1.71,0.92,0.00
1.77,0.92,0.00
1.84,0.92,0.00
1.91,0.93,0.00
1.97,0.93,0.00
2.04,0.94,0.00
2.11,0.95,0.00
2.18,0.95,0.00
2.24,0.96,0.00
2.31,0.97,0.00
2.38,0.97,0.00
2.44,0.98,0.00
2.51,0.99,0.00
2.58,1.00,0.00
2.65,1.00,0.00
2.71,1.01,0.00
2.78,1.02,0.00
2.85,1.03,0.00
2.91,1.03,0.00
2.98,1.04,0.00
3.05,1.04,0.00
3.12,1.05,0.00
3.18,1.05,0.00
3.25,1.05,0.00
3.32,1.06,0.00
3.39,1.06,0.00
3.45,1.06,0.00
3.52,1.06,0.00
3.59,1.06,0.00
3.65,1.05,0.00
3.72,1.05,0.00
3.79,1.04,0.00
3.86,1.03,0.00
3.92,1.02,0.00
3.99,1.01,0.00
4.05,0.99,0.00
4.12,0.98,0.00
4.18,0.96,0.00
4.25,0.94,0.00
4.31,0.91,0.00
4.37,0.89,0.00
4.44,0.86,0.00
4.50,0.83,0.00
4.56,0.81,0.00
4.62,0.78,0.00
4.68,0.75,0.00
4.74,0.72,0.00
4.80,0.68,0.00
4.86,0.65,0.00
4.92,0.62,0.00
4.98,0.59,0.00
5.04,0.56,0.00
5.10,0.53,0.00
5.16,0.50,0.00
5.22,0.47,0.00
5.28,0.44,0.00
5.35,0.42,0.00
5.41,0.39,0.00
5.47,0.37,0.00
5.53,0.35,0.00
5.60,0.32,0.00
5.66,0.30,0.00
5.73,0.28,0.00
5.79,0.26,0.00
5.86,0.25,0.00
5.92,0.23,0.00
5.99,0.22,0.00
6.05,0.20,0.00
6.12,0.19,0.00
6.19,0.18,0.00
6.25,0.17,0.00
6.32,0.16,0.00
6.39,0.15,0.00
6.46,0.15,0.00
6.52,0.14,0.00
6.59,0.14,0.00
6.66,0.14,0.00
6.73,0.13,0.00
6.79,0.13,0.00
6.86,0.13,0.00
6.93,0.13,0.00
6.99,0.13,0.00
7.06,0.13,0.00
7.13,0.13,0.00
7.20,0.13,0.00
7.26,0.13,0.00
7.33,0.13,0.00
7.40,0.13,0.00
7.47,0.13,0.00
7.53,0.12,0.00
7.60,0.12,0.00
7.67,0.12,0.00
7.74,0.11,0.00
7.80,0.11,0.00
7.87,0.10,0.00
7.94,0.09,0.00
8.00,0.08,0.00
8.07,0.08,0.00
8.14,0.07,0.00
8.21,0.06,0.00
8.27,0.05,0.00
8.34,0.03,0.00
8.40,0.02,0.00
8.47,0.01,0.00
8.54,-0.01,0.00
8.60,-0.02,0.00
8.67,-0.03,0.00
8.73,-0.05,0.00
8.80,-0.07,0.00
8.87,-0.08,0.00
8.93,-0.10,0.00
9.00,-0.12,0.00
9.06,-0.13,0.00
9.13,-0.15,0.00
9.19,-0.17,0.00
9.26,-0.19,0.00
9.32,-0.21,0.00
9.38,-0.23,0.00
9.45,-0.25,0.00
9.51,-0.27,0.00
9.58,-0.29,0.00
9.64,-0.31,0.00
9.70,-0.33,0.00
9.77,-0.36,0.00
9.83,-0.38,0.00
9.90,-0.40,0.00
9.96,-0.42,0.00
10.02,-0.45,0.00
10.09,-0.47,0.00
10.15,-0.49,0.00
10.21,-0.52,0.00
10.28,-0.54,0.00
10.34,-0.56,0.00
10.40,-0.59,0.00
10.47,-0.61,0.00
10.53,-0.63,0.00
10.59,-0.66,0.00
10.65,-0.68,0.00
10.72,-0.71,0.00
10.78,-0.73,0.00
10.84,-0.76,0.00
10.91,-0.78,0.00
10.97,-0.81,0.00
11.03,-0.83,0.00
11.09,-0.86,0.00
11.16,-0.88,0.00
11.22,-0.91,0.00
11.28,-0.93,0.00
11.34,-0.96,0.00
11.41,-0.98,0.00
11.47,-1.01,0.00
11.53,-1.03,0.00
11.60,-1.06,0.00
11.66,-1.08,0.00
11.72,-1.11,0.00
11.78,-1.13,0.00
11.85,-1.16,0.00
11.91,-1.18,0.00
11.97,-1.21,0.00
12.03,-1.23,0.00
12.10,-1.26,0.00
12.16,-1.28,0.00
12.22,-1.31,0.00
12.28,-1.33,0.00
12.35,-1.36,0.00
12.41,-1.38,0.00
12.47,-1.40,0.00
12.54,-1.43,0.00
12.60,-1.45,0.00
12.66,-1.48,0.00
12.72,-1.50,0.00
12.79,-1.53,0.00
12.85,-1.55,0.00
12.91,-1.57,0.00
12.98,-1.60,0.00
13.04,-1.62,0.00
13.10,-1.64,0.00
13.17,-1.66,0.00
13.23,-1.69,0.00
13.30,-1.71,0.00
13.36,-1.73,0.00
13.42,-1.75,0.00
13.49,-1.78,0.00
13.55,-1.80,0.00
13.61,-1.82,0.00
13.68,-1.84,0.00
13.74,-1.86,0.00
13.81,-1.88,0.00
13.87,-1.90,0.00
13.94,-1.92,0.00
14.00,-1.94,0.00
14.06,-1.96,0.00
14.13,-1.98,0.00
14.19,-2.00,0.00
14.26,-2.02,0.00
14.32,-2.03,0.00
14.39,-2.05,0.00
14.45,-2.07,0.00
14.52,-2.09,0.00
14.59,-2.10,0.00
14.65,-2.12,0.00
14.72,-2.14,0.00
14.78,-2.15,0.00
14.85,-2.17,0.00
14.91,-2.18,0.00
14.98,-2.20,0.00
15.04,-2.22,0.00
15.11,-2.23,0.00
15.17,-2.25,0.00
15.24,-2.27,0.00
15.31,-2.28,0.00
15.37,-2.30,0.00
15.44,-2.32,0.00
15.50,-2.33,0.00
15.57,-2.35,0.00
15.63,-2.37,0.00
15.70,-2.39,0.00
15.76,-2.41,0.00
15.83,-2.43,0.00
15.89,-2.45,0.00
15.95,-2.47,0.00
16.02,-2.49,0.00
16.08,-2.51,0.00
16.15,-2.53,0.00
16.21,-2.56,0.00
16.27,-2.58,0.00
16.33,-2.61,0.00
16.40,-2.63,0.00
16.46,-2.66,0.00
16.52,-2.68,0.00
16.58,-2.71,0.00
16.64,-2.74,0.00
16.70,-2.77,0.00
16.76,-2.80,0.00
16.82,-2.84,0.00
16.88,-2.87,0.00
16.94,-2.90,0.00
17.00,-2.94,0.00
17.06,-2.97,0.00
17.11,-3.00,0.00
17.17,-3.04,0.00
17.23,-3.08,0.00
17.29,-3.11,0.00
17.34,-3.15,0.00
17.40,-3.18,0.00
17.46,-3.22,0.00
17.51,-3.25,0.00
17.57,-3.29,0.00
17.63,-3.33,0.00
17.69,-3.36,0.00
17.74,-3.40,0.00
17.80,-3.43,0.00
17.86,-3.46,0.00
17.92,-3.50,0.00
17.98,-3.53,0.00
18.04,-3.56,0.00
18.10,-3.59,0.00
18.16,-3.62,0.00
18.22,-3.65,0.00
18.28,-3.68,0.00
18.34,-3.71,0.00
18.40,-3.74,0.00
18.47,-3.76,0.00
18.53,-3.78,0.00
18.59,-3.80,0.00
18.66,-3.82,0.00
18.72,-3.84,0.00
18.79,-3.86,0.00
18.86,-3.87,0.00
18.92,-3.88,0.00
18.99,-3.89,0.00
19.06,-3.90,0.00
19.12,-3.90,0.00
19.19,-3.91,0.00
19.26,-3.91,0.00
19.33,-3.91,0.00
19.39,-3.91,0.00
19.46,-3.91,0.00
19.53,-3.91,0.00
19.59,-3.90,0.00
0.49,-0.63,0.00
0.56,-0.63,0.00
0.63,-0.63,0.00
0.69,-0.63,0.00
0.76,-0.63,0.00
0.83,-0.63,0.00
0.90,-0.63,0.00
0.96,-0.63,0.00
1.03,-0.63,0.00
1.10,-0.63,0.00
1.17,-0.63,0.00
1.23,-0.64,0.00
1.30,-0.64,0.00
1.37,-0.65,0.00
1.43,-0.65,0.00
1.50,-0.65,0.00
1.57,-0.66,0.00
1.64,-0.66,0.00
1.70,-0.67,0.00
1.77,-0.68,0.00
1.84,-0.68,0.00
1.90,-0.69,0.00
1.97,-0.70,0.00
2.04,-0.70,0.00
2.10,-0.71,0.00
2.17,-0.72,0.00
2.24,-0.73,0.00
2.30,-0.74,0.00
2.37,-0.75,0.00
2.44,-0.75,0.00
2.50,-0.76,0.00
2.57,-0.77,0.00
2.64,-0.78,0.00
2.70,-0.79,0.00
2.77,-0.80,0.00
2.84,-0.82,0.00
2.90,-0.83,0.00
2.97,-0.84,0.00
3.03,-0.85,0.00
3.10,-0.86,0.00
3.17,-0.87,0.00
3.23,-0.88,0.00
3.30,-0.90,0.00
3.36,-0.91,0.00
3.43,-0.92,0.00
3.50,-0.93,0.00
3.56,-0.95,0.00
3.63,-0.96,0.00
3.69,-0.97,0.00
3.76,-0.99,0.00
3.83,-1.00,0.00
3.89,-1.01,0.00
3.96,-1.03,0.00
4.02,-1.04,0.00
4.09,-1.05,0.00
4.16,-1.07,0.00
4.22,-1.08,0.00
4.29,-1.09,0.00
4.35,-1.11,0.00
4.42,-1.12,0.00
4.48,-1.14,0.00
4.55,-1.15,0.00
4.62,-1.16,0.00
4.68,-1.18,0.00
4.75,-1.19,0.00
4.81,-1.21,0.00
4.88,-1.22,0.00
4.94,-1.24,0.00
5.01,-1.25,0.00
5.08,-1.26,0.00
5.14,-1.28,0.00
5.21,-1.29,0.00
5.27,-1.31,0.00
5.34,-1.32,0.00
5.41,-1.33,0.00
5.47,-1.35,0.00
5.54,-1.36,0.00
5.60,-1.38,0.00
5.67,-1.39,0.00
5.73,-1.40,0.00
5.80,-1.42,0.00
5.87,-1.43,0.00
5.93,-1.45,0.00
6.00,-1.46,0.00
6.06,-1.47,0.00
6.13,-1.49,0.00
6.19,-1.50,0.00
6.26,-1.51,0.00
6.33,-1.53,0.00
6.39,-1.54,0.00
6.46,-1.56,0.00
6.52,-1.57,0.00
6.59,-1.58,0.00
6.65,-1.60,0.00
6.72,-1.61,0.00
6.79,-1.63,0.00
6.85,-1.64,0.00
6.92,-1.65,0.00
6.98,-1.67,0.00
7.05,-1.68,0.00
7.11,-1.70,0.00
7.18,-1.71,0.00
7.25,-1.73,0.00
7.31,-1.74,0.00
7.38,-1.75,0.00
7.44,-1.77,0.00
7.51,-1.78,0.00
7.57,-1.80,0.00
7.64,-1.81,0.00
7.71,-1.83,0.00
7.77,-1.84,0.00
7.84,-1.85,0.00
7.90,-1.87,0.00
7.97,-1.88,0.00
8.03,-1.90,0.00
8.10,-1.91,0.00
8.17,-1.93,0.00
8.23,-1.94,0.00
8.30,-1.96,0.00
8.36,-1.97,0.00
8.43,-1.99,0.00
8.49,-2.00,0.00
8.56,-2.01,0.00
8.62,-2.03,0.00
8.69,-2.04,0.00
8.76,-2.06,0.00
8.82,-2.07,0.00
8.89,-2.09,0.00
8.95,-2.10,0.00
9.02,-2.12,0.00
9.08,-2.14,0.00
9.15,-2.15,0.00
9.21,-2.17,0.00
9.28,-2.18,0.00
9.34,-2.20,0.00
9.41,-2.21,0.00
9.48,-2.23,0.00
9.54,-2.24,0.00
9.61,-2.26,0.00
9.67,-2.28,0.00
9.74,-2.29,0.00
9.80,-2.31,0.00
9.87,-2.32,0.00
9.93,-2.34,0.00
10.00,-2.36,0.00
10.06,-2.37,0.00
10.13,-2.39,0.00
10.19,-2.40,0.00
10.26,-2.42,0.00
10.32,-2.44,0.00
10.39,-2.45,0.00
10.45,-2.47,0.00
10.52,-2.49,0.00
10.58,-2.50,0.00
10.65,-2.52,0.00
10.71,-2.54,0.00
10.78,-2.56,0.00
10.84,-2.57,0.00
10.91,-2.59,0.00
10.97,-2.61,0.00
11.04,-2.63,0.00
11.10,-2.64,0.00
11.17,-2.66,0.00
11.23,-2.68,0.00
11.30,-2.70,0.00
11.36,-2.72,0.00
11.43,-2.73,0.00
11.49,-2.75,0.00
11.56,-2.77,0.00
11.62,-2.79,0.00
11.69,-2.81,0.00
11.75,-2.83,0.00
11.81,-2.85,0.00
11.88,-2.87,0.00
11.94,-2.89,0.00
12.01,-2.91,0.00
12.07,-2.93,0.00
12.14,-2.95,0.00
12.20,-2.97,0.00
12.26,-2.99,0.00
12.33,-3.01,0.00
12.39,-3.03,0.00
12.46,-3.05,0.00
12.52,-3.07,0.00
12.58,-3.09,0.00
12.65,-3.11,0.00
12.71,-3.13,0.00
12.78,-3.15,0.00
12.84,-3.18,0.00
12.90,-3.20,0.00
12.97,-3.22,0.00
13.03,-3.24,0.00
13.09,-3.26,0.00
13.16,-3.29,0.00
13.22,-3.31,0.00
13.28,-3.33,0.00
13.35,-3.36,0.00
13.41,-3.38,0.00
13.47,-3.40,0.00
13.54,-3.43,0.00
13.60,-3.45,0.00
13.66,-3.47,0.00
13.72,-3.50,0.00
13.79,-3.52,0.00
13.85,-3.55,0.00
13.91,-3.57,0.00
13.97,-3.60,0.00
14.04,-3.62,0.00
14.10,-3.65,0.00
14.16,-3.67,0.00
14.22,-3.70,0.00
14.28,-3.72,0.00
14.35,-3.75,0.00
14.41,-3.78,0.00
14.47,-3.80,0.00
14.53,-3.83,0.00
14.59,-3.86,0.00
14.65,-3.89,0.00
14.72,-3.91,0.00
14.78,-3.94,0.00
14.84,-3.97,0.00
14.90,-4.00,0.00
14.96,-4.03,0.00
15.02,-4.05,0.00
15.08,-4.08,0.00
15.14,-4.11,0.00
15.20,-4.14,0.00
15.26,-4.17,0.00
15.32,-4.20,0.00
15.38,-4.23,0.00
15.44,-4.26,0.00
15.50,-4.29,0.00
15.56,-4.32,0.00
15.62,-4.35,0.00
15.68,-4.38,0.00
15.74,-4.42,0.00
15.80,-4.45,0.00
15.86,-4.48,0.00
15.92,-4.51,0.00
15.98,-4.54,0.00
16.04,-4.58,0.00
16.10,-4.61,0.00
16.15,-4.64,0.00
16.21,-4.67,0.00
16.27,-4.71,0.00
16.33,-4.74,0.00
16.39,-4.77,0.00
16.45,-4.81,0.00
16.50,-4.84,0.00
16.56,-4.87,0.00
16.62,-4.91,0.00
16.68,-4.94,0.00
16.74,-4.97,0.00
16.80,-5.01,0.00
16.86,-5.04,0.00
16.92,-5.07,0.00
16.97,-5.10,0.00
17.03,-5.13,0.00
17.09,-5.17,0.00
17.15,-5.20,0.00
17.21,-5.23,0.00
17.27,-5.26,0.00
17.33,-5.29,0.00
17.39,-5.31,0.00
17.46,-5.34,0.00
17.52,-5.37,0.00
17.58,-5.40,0.00
17.64,-5.42,0.00
17.70,-5.45,0.00
17.77,-5.47,0.00
17.83,-5.50,0.00
17.89,-5.52,0.00
17.96,-5.54,0.00
18.02,-5.56,0.00
18.08,-5.58,0.00
18.15,-5.60,0.00
18.21,-5.62,0.00
18.28,-5.63,0.00
18.34,-5.65,0.00
18.41,-5.67,0.00
18.47,-5.68,0.00
18.54,-5.69,0.00
18.61,-5.70,0.00
18.67,-5.71,0.00
18.74,-5.72,0.00
18.81,-5.73,0.00
18.87,-5.74,0.00
18.94,-5.75,0.00
19.01,-5.75,0.00
19.07,-5.76,0.00
19.14,-5.76,0.00
19.21,-5.76,0.00
19.28,-5.77,0.00
19.34,-5.77,0.00
19.41,-5.77,0.00
19.48,-5.76,0.00
19.54,-5.76,0.00
19.61,-5.76,0.00
19.68,-5.75,0.00
19.75,-5.75,0.00
