Error minimization success!
Best estimate of mag_den: 276725.87973670266 A/m
Simulated bend angles in degree:
[67.40082482 74.65826986]
Best relative error (sim - exp) / exp:
[-0.01032429  0.01519251]
Number of elements: (26,)
Curvature values:
[0.17739786 0.18949288 0.19797785 0.20212833 0.20168919 0.19691418
 0.18847923 0.17731083 0.16439679 0.15063557 0.13674917 0.12325593
 0.11048456 0.09860858 0.08768579 0.07769376 0.06855771 0.06017017
 0.05240334 0.0451155  0.03815246 0.03134489 0.02450141 0.01739703
 0.00975524 0.00122074]
Percentage of elements having bending strain >= 0.05: 38.46153846153847
Bending strain in %:
[5.97477348 6.38213469 6.667909   6.80769762 6.79290713 6.63208464
 6.34799497 5.97184215 5.53689638 5.07341762 4.60572248 4.15126917
 3.72112841 3.32114454 2.95326413 2.61673187 2.30902906 2.02653595
 1.76494858 1.51949346 1.28497787 1.05569818 0.82520922 0.58593343
 0.32855711 0.04111475]
Number of function evaluations: 7

Parameters used.
magnetization_density: 300000.0
OPTIMIZATION_SCALE: 1000000.0

---------------------------------------------------------------------------
Error minimization success!
Best estimate of mag_den: 273317.42607905547 A/m
Simulated bend angles in degree:
[67.450916   74.58685228]
Best relative error (sim - exp) / exp:
[-0.00958878  0.01422139]
Number of elements: (52,)
Curvature values:
[0.17429253 0.18016116 0.18529957 0.18960247 0.1929822  0.19537331
 0.19673579 0.1970569  0.19635122 0.19465908 0.19204357 0.18858643
 0.1843832  0.17953824 0.17415982 0.16835578 0.16222981 0.1558786
 0.14938984 0.14284094 0.13629854 0.12981847 0.12344619 0.11721755
 0.11115963 0.10529181 0.09962673 0.09417131 0.08892766 0.08389388
 0.07906483 0.0744327  0.06998758 0.06571784 0.06161051 0.05765149
 0.05382575 0.05011743 0.04650994 0.04298587 0.03952702 0.03611423
 0.03272724 0.02934449 0.02594278 0.022497   0.0189796  0.01536017
 0.01160472 0.00767494 0.00352721 0.00088852]
Percentage of elements having bending strain >= 0.05: 36.53846153846153
Bending strain in %:
[5.87018567 6.0678417  6.24090374 6.38582547 6.49965518 6.58018787
 6.62607645 6.63689145 6.61312389 6.55613249 6.46804217 6.35160529
 6.21004017 6.04686145 5.86571607 5.67023563 5.46391245 5.25000324
 5.03146105 4.81089367 4.5905451  4.37229579 4.15767716 3.94789597
 3.74386491 3.54623621 3.35543592 3.17169705 2.99509038 2.82555234
 2.66290938 2.50689893 2.3571869  2.21338197 2.07504681 1.94170665
 1.8128553  1.68795902 1.5664582  1.44776731 1.33127289 1.21632985
 1.102256   0.98832462 0.87375497 0.75770052 0.63923443 0.51733177
 0.39084799 0.25849254 0.11879676 0.02992551]
Number of function evaluations: 4

Parameters used.
magnetization_density: 300000.0
OPTIMIZATION_SCALE: 1000000.0

---------------------------------------------------------------------------
Error minimization success!
Best estimate of mag_den: 271725.77701861644 A/m
Simulated bend angles in degree:
[67.47571537 74.55119317]
Best relative error (sim - exp) / exp:
[-0.00922464  0.0137365 ]
Number of elements: (104,)
Curvature values:
[0.17272454 0.17561056 0.17833356 0.18088021 0.18323794 0.18539503
 0.18734083 0.18906585 0.19056189 0.19182215 0.19284128 0.19361547
 0.19414251 0.19442172 0.19445403 0.19424191 0.19378928 0.19310151
 0.19218524 0.19104837 0.18969982 0.18814951 0.18640814 0.1844871
 0.1823983  0.18015404 0.17776687 0.17524944 0.17261444 0.16987442
 0.16704171 0.16412837 0.16114603 0.15810593 0.15501875 0.15189467
 0.14874326 0.1455735  0.14239376 0.13921177 0.13603465 0.13286889
 0.12972041 0.1265945  0.12349592 0.12042888 0.11739705 0.11440364
 0.11145138 0.10854259 0.10567916 0.10286262 0.10009415 0.09737461
 0.09470456 0.09208429 0.08951385 0.08699306 0.08452154 0.08209873
 0.07972389 0.07739614 0.07511446 0.07287771 0.07068466 0.06853394
 0.06642412 0.0643537  0.06232107 0.0603246  0.05836256 0.05643319
 0.05453466 0.0526651  0.05082259 0.04900516 0.0472108  0.04543743
 0.04368295 0.04194519 0.04022193 0.03851088 0.03680972 0.03511602
 0.03342731 0.03174101 0.03005448 0.02836496 0.02666959 0.02496539
 0.02324927 0.02151796 0.01976806 0.01799598 0.01619796 0.01437002
 0.01250792 0.01060722 0.00866314 0.00667064 0.00462431 0.00251837
 0.00034663 0.00189757]
Percentage of elements having bending strain >= 0.05: 35.57692307692308
Bending strain in %:
[5.81737563 5.9145769  6.00628781 6.09205941 6.17146769 6.2441187
 6.30965343 6.36775229 6.4181391  6.46058454 6.49490886 6.5209839
 6.53873438 6.5481383  6.54922664 6.54208219 6.52683772 6.5036734
 6.47281367 6.43452352 6.38910438 6.33688972 6.27824035 6.21353965
 6.14318877 6.06760188 5.98720161 5.90241462 5.81366757 5.72138335
 5.62597764 5.52785589 5.42741072 5.32501967 5.22104335 5.11582399
 5.00968427 4.9029266  4.79583262 4.68866294 4.58165724 4.47503446
 4.36899325 4.26371251 4.15935213 4.0560537  3.95394147 3.85312317
 3.75369103 3.6557227  3.55928223 3.46442102 3.37117876 3.27958436
 3.18965677 3.10140587 3.01483323 2.92993286 2.84669194 2.76509139
 2.68510657 2.60670775 2.52986067 2.45452696 2.38066459 2.3082282
 2.23716948 2.16743739 2.0989785  2.03173712 1.96565553 1.90067413
 1.83673153 1.77376465 1.71170879 1.65049762 1.59006325 1.53033614
 1.47124509 1.41271716 1.35467754 1.29704949 1.23975413 1.18271028
 1.12583426 1.06903968 1.01223713 0.95533392 0.89823376 0.84083637
 0.78303708 0.72472643 0.66578963 0.60610606 0.54554864 0.48398321
 0.42126781 0.35725187 0.29177534 0.22466776 0.15574716 0.08481891
 0.01167442 0.06391029]
Number of function evaluations: 7

Parameters used.
magnetization_density: 300000.0
OPTIMIZATION_SCALE: 1000000.0

---------------------------------------------------------------------------
Error minimization success!
Best estimate of mag_den: 270948.2975701332 A/m
Simulated bend angles in degree:
[67.4873451  74.53409482]
Best relative error (sim - exp) / exp:
[-0.00905387  0.013504  ]
Number of elements: (208,)
Curvature values:
[1.71937903e-01 1.73368425e-01 1.74760500e-01 1.76112469e-01
 1.77422710e-01 1.78689643e-01 1.79911729e-01 1.81087483e-01
 1.82215473e-01 1.83294324e-01 1.84322725e-01 1.85299433e-01
 1.86223272e-01 1.87093144e-01 1.87908027e-01 1.88666979e-01
 1.89369143e-01 1.90013746e-01 1.90600107e-01 1.91127631e-01
 1.91595818e-01 1.92004258e-01 1.92352639e-01 1.92640741e-01
 1.92868437e-01 1.93035700e-01 1.93142591e-01 1.93189270e-01
 1.93175984e-01 1.93103074e-01 1.92970969e-01 1.92780185e-01
 1.92531322e-01 1.92225061e-01 1.91862163e-01 1.91443465e-01
 1.90969876e-01 1.90442373e-01 1.89861998e-01 1.89229856e-01
 1.88547109e-01 1.87814972e-01 1.87034707e-01 1.86207625e-01
 1.85335075e-01 1.84418443e-01 1.83459148e-01 1.82458637e-01
 1.81418380e-01 1.80339867e-01 1.79224605e-01 1.78074111e-01
 1.76889913e-01 1.75673540e-01 1.74426525e-01 1.73150395e-01
 1.71846674e-01 1.70516875e-01 1.69162500e-01 1.67785037e-01
 1.66385955e-01 1.64966704e-01 1.63528712e-01 1.62073382e-01
 1.60602091e-01 1.59116188e-01 1.57616994e-01 1.56105797e-01
 1.54583853e-01 1.53052386e-01 1.51512585e-01 1.49965602e-01
 1.48412557e-01 1.46854529e-01 1.45292565e-01 1.43727671e-01
 1.42160817e-01 1.40592938e-01 1.39024927e-01 1.37457645e-01
 1.35891912e-01 1.34328512e-01 1.32768196e-01 1.31211675e-01
 1.29659627e-01 1.28112694e-01 1.26571485e-01 1.25036574e-01
 1.23508503e-01 1.21987783e-01 1.20474892e-01 1.18970277e-01
 1.17474357e-01 1.15987522e-01 1.14510131e-01 1.13042519e-01
 1.11584993e-01 1.10137834e-01 1.08701301e-01 1.07275626e-01
 1.05861018e-01 1.04457666e-01 1.03065736e-01 1.01685374e-01
 1.00316706e-01 9.89598394e-02 9.76148625e-02 9.62818469e-02
 9.49608472e-02 9.36519021e-02 9.23550350e-02 9.10702546e-02
 8.97975555e-02 8.85369192e-02 8.72883145e-02 8.60516979e-02
 8.48270144e-02 8.36141983e-02 8.24131730e-02 8.12238524e-02
 8.00461407e-02 7.88799331e-02 7.77251166e-02 7.65815698e-02
 7.54491636e-02 7.43277620e-02 7.32172216e-02 7.21173927e-02
 7.10281193e-02 6.99492396e-02 6.88805860e-02 6.78219856e-02
 6.67732605e-02 6.57342279e-02 6.47047003e-02 6.36844860e-02
 6.26733889e-02 6.16712090e-02 6.06777423e-02 5.96927813e-02
 5.87161146e-02 5.77475276e-02 5.67868022e-02 5.58337173e-02
 5.48880483e-02 5.39495677e-02 5.30180447e-02 5.20932458e-02
 5.11749344e-02 5.02628709e-02 4.93568126e-02 4.84565141e-02
 4.75617270e-02 4.66721996e-02 4.57876774e-02 4.49079028e-02
 4.40326150e-02 4.31615499e-02 4.22944400e-02 4.14310147e-02
 4.05709996e-02 3.97141167e-02 3.88600842e-02 3.80086165e-02
 3.71594238e-02 3.63122123e-02 3.54666833e-02 3.46225341e-02
 3.37794567e-02 3.29371383e-02 3.20952608e-02 3.12535007e-02
 3.04115286e-02 2.95690091e-02 2.87256007e-02 2.78809549e-02
 2.70347167e-02 2.61865235e-02 2.53360053e-02 2.44827841e-02
 2.36264734e-02 2.27666781e-02 2.19029938e-02 2.10350065e-02
 2.01622921e-02 1.92844158e-02 1.84009318e-02 1.75113827e-02
 1.66152986e-02 1.57121970e-02 1.48015819e-02 1.38829433e-02
 1.29557563e-02 1.20194804e-02 1.10735590e-02 1.01174185e-02
 9.15046715e-03 8.17209473e-03 7.18167119e-03 6.17854588e-03
 5.16204650e-03 4.13147806e-03 3.08612172e-03 2.02523368e-03
 9.48043911e-04 1.46245141e-04 1.25845989e-03 2.38945707e-03]
Percentage of elements having bending strain >= 0.05: 34.61538461538461
Bending strain in %:
[5.79088166e+00 5.83906176e+00 5.88594694e+00 5.93148136e+00
 5.97561040e+00 6.01828077e+00 6.05944074e+00 6.09904024e+00
 6.13703101e+00 6.17336680e+00 6.20800343e+00 6.24089900e+00
 6.27201398e+00 6.30131134e+00 6.32875665e+00 6.35431822e+00
 6.37796715e+00 6.39967745e+00 6.41942612e+00 6.43719317e+00
 6.45296173e+00 6.46671805e+00 6.47845154e+00 6.48815481e+00
 6.49582366e+00 6.50145707e+00 6.50505719e+00 6.50662931e+00
 6.50618185e+00 6.50372624e+00 6.49927694e+00 6.49285132e+00
 6.48446958e+00 6.47415469e+00 6.46193227e+00 6.44783050e+00
 6.43187997e+00 6.41411361e+00 6.39456655e+00 6.37327598e+00
 6.35028101e+00 6.32562255e+00 6.29934319e+00 6.27148700e+00
 6.24209945e+00 6.21122722e+00 6.17891809e+00 6.14522079e+00
 6.11018484e+00 6.07386045e+00 6.03629833e+00 5.99754963e+00
 5.95766574e+00 5.91669822e+00 5.87469864e+00 5.83171849e+00
 5.78780905e+00 5.74302133e+00 5.69740589e+00 5.65101283e+00
 5.60389165e+00 5.55609117e+00 5.50765947e+00 5.45864384e+00
 5.40909064e+00 5.35904533e+00 5.30855236e+00 5.25765512e+00
 5.20639595e+00 5.15481602e+00 5.10295539e+00 5.05085290e+00
 4.99854621e+00 4.94607173e+00 4.89346464e+00 4.84075889e+00
 4.78798715e+00 4.73518085e+00 4.68237014e+00 4.62958395e+00
 4.57684993e+00 4.52419453e+00 4.47164296e+00 4.41921921e+00
 4.36694611e+00 4.31484529e+00 4.26293724e+00 4.21124133e+00
 4.15977580e+00 4.10855783e+00 4.05760354e+00 4.00692800e+00
 3.95654531e+00 3.90646856e+00 3.85670993e+00 3.80728064e+00
 3.75819105e+00 3.70945065e+00 3.66106810e+00 3.61305124e+00
 3.56540714e+00 3.51814214e+00 3.47126184e+00 3.42477114e+00
 3.37867430e+00 3.33297493e+00 3.28767600e+00 3.24277993e+00
 3.19828857e+00 3.15420320e+00 3.11052461e+00 3.06725311e+00
 3.02438851e+00 2.98193018e+00 2.93987708e+00 2.89822774e+00
 2.85698031e+00 2.81613257e+00 2.77568194e+00 2.73562553e+00
 2.69596011e+00 2.65668216e+00 2.61778785e+00 2.57927310e+00
 2.54113358e+00 2.50336468e+00 2.46596160e+00 2.42891928e+00
 2.39223247e+00 2.35589572e+00 2.31990338e+00 2.28424964e+00
 2.24892850e+00 2.21393380e+00 2.17925924e+00 2.14489834e+00
 2.11084451e+00 2.07709102e+00 2.04363098e+00 2.01045742e+00
 1.97756321e+00 1.94494113e+00 1.91258382e+00 1.88048385e+00
 1.84863365e+00 1.81702555e+00 1.78565178e+00 1.75450449e+00
 1.72357569e+00 1.69285732e+00 1.66234121e+00 1.63201909e+00
 1.60188259e+00 1.57192324e+00 1.54213246e+00 1.51250159e+00
 1.48302183e+00 1.45368429e+00 1.42447996e+00 1.39539973e+00
 1.36643436e+00 1.33757447e+00 1.30881059e+00 1.28013310e+00
 1.25153223e+00 1.22299807e+00 1.19452060e+00 1.16608958e+00
 1.13769467e+00 1.10932533e+00 1.08097083e+00 1.05262028e+00
 1.02426260e+00 9.95886480e-01 9.67480418e-01 9.39032685e-01
 9.10531317e-01 8.81964106e-01 8.53318589e-01 8.24582033e-01
 7.95741425e-01 7.66783454e-01 7.37694501e-01 7.08460622e-01
 6.79067534e-01 6.49500594e-01 6.19744786e-01 5.89784702e-01
 5.59604521e-01 5.29187991e-01 4.98518407e-01 4.67578589e-01
 4.36350858e-01 4.04817015e-01 3.72958311e-01 3.40755424e-01
 3.08188430e-01 2.75236773e-01 2.41879233e-01 2.08093896e-01
 1.73858119e-01 1.39148496e-01 1.03940815e-01 6.82100247e-02
 3.19301911e-02 4.92554748e-03 4.23850251e-02 8.04770961e-02]
Number of function evaluations: 5

Parameters used.
magnetization_density: 300000.0
OPTIMIZATION_SCALE: 1000000.0

---------------------------------------------------------------------------
Error minimization success!
Best estimate of mag_den: 270550.3356480347 A/m
Simulated bend angles in degree:
[67.49432241 74.52423057]
Best relative error (sim - exp) / exp:
[-0.00895142  0.01336986]
Number of elements: (416,)
Curvature values:
[1.71546959e-01 1.72259141e-01 1.72961990e-01 1.73655301e-01
 1.74338869e-01 1.75012492e-01 1.75675969e-01 1.76329104e-01
 1.76971700e-01 1.77603566e-01 1.78224511e-01 1.78834350e-01
 1.79432897e-01 1.80019973e-01 1.80595401e-01 1.81159006e-01
 1.81710619e-01 1.82250073e-01 1.82777206e-01 1.83291859e-01
 1.83793878e-01 1.84283113e-01 1.84759417e-01 1.85222649e-01
 1.85672673e-01 1.86109355e-01 1.86532569e-01 1.86942193e-01
 1.87338107e-01 1.87720201e-01 1.88088365e-01 1.88442498e-01
 1.88782503e-01 1.89108288e-01 1.89419766e-01 1.89716858e-01
 1.89999487e-01 1.90267583e-01 1.90521084e-01 1.90759929e-01
 1.90984067e-01 1.91193451e-01 1.91388038e-01 1.91567794e-01
 1.91732689e-01 1.91882698e-01 1.92017804e-01 1.92137995e-01
 1.92243263e-01 1.92333608e-01 1.92409035e-01 1.92469555e-01
 1.92515183e-01 1.92545943e-01 1.92561861e-01 1.92562972e-01
 1.92549313e-01 1.92520929e-01 1.92477871e-01 1.92420193e-01
 1.92347955e-01 1.92261224e-01 1.92160070e-01 1.92044569e-01
 1.91914802e-01 1.91770855e-01 1.91612819e-01 1.91440789e-01
 1.91254866e-01 1.91055153e-01 1.90841760e-01 1.90614801e-01
 1.90374392e-01 1.90120656e-01 1.89853718e-01 1.89573709e-01
 1.89280760e-01 1.88975010e-01 1.88656599e-01 1.88325671e-01
 1.87982372e-01 1.87626855e-01 1.87259270e-01 1.86879776e-01
 1.86488531e-01 1.86085697e-01 1.85671438e-01 1.85245920e-01
 1.84809313e-01 1.84361787e-01 1.83903516e-01 1.83434674e-01
 1.82955438e-01 1.82465986e-01 1.81966498e-01 1.81457155e-01
 1.80938138e-01 1.80409633e-01 1.79871822e-01 1.79324892e-01
 1.78769027e-01 1.78204416e-01 1.77631245e-01 1.77049702e-01
 1.76459974e-01 1.75862250e-01 1.75256718e-01 1.74643566e-01
 1.74022981e-01 1.73395153e-01 1.72760268e-01 1.72118513e-01
 1.71470074e-01 1.70815138e-01 1.70153890e-01 1.69486513e-01
 1.68813192e-01 1.68134109e-01 1.67449446e-01 1.66759382e-01
 1.66064097e-01 1.65363769e-01 1.64658574e-01 1.63948688e-01
 1.63234284e-01 1.62515534e-01 1.61792610e-01 1.61065680e-01
 1.60334910e-01 1.59600468e-01 1.58862516e-01 1.58121217e-01
 1.57376730e-01 1.56629214e-01 1.55878825e-01 1.55125716e-01
 1.54370040e-01 1.53611948e-01 1.52851586e-01 1.52089102e-01
 1.51324638e-01 1.50558336e-01 1.49790336e-01 1.49020774e-01
 1.48249786e-01 1.47477505e-01 1.46704060e-01 1.45929581e-01
 1.45154192e-01 1.44378018e-01 1.43601181e-01 1.42823798e-01
 1.42045988e-01 1.41267864e-01 1.40489540e-01 1.39711124e-01
 1.38932725e-01 1.38154448e-01 1.37376396e-01 1.36598670e-01
 1.35821369e-01 1.35044590e-01 1.34268426e-01 1.33492970e-01
 1.32718311e-01 1.31944537e-01 1.31171734e-01 1.30399984e-01
 1.29629370e-01 1.28859969e-01 1.28091859e-01 1.27325114e-01
 1.26559809e-01 1.25796012e-01 1.25033793e-01 1.24273220e-01
 1.23514355e-01 1.22757263e-01 1.22002004e-01 1.21248637e-01
 1.20497219e-01 1.19747805e-01 1.19000449e-01 1.18255202e-01
 1.17512115e-01 1.16771234e-01 1.16032606e-01 1.15296277e-01
 1.14562288e-01 1.13830681e-01 1.13101496e-01 1.12374770e-01
 1.11650540e-01 1.10928840e-01 1.10209705e-01 1.09493165e-01
 1.08779252e-01 1.08067993e-01 1.07359417e-01 1.06653550e-01
 1.05950415e-01 1.05250037e-01 1.04552438e-01 1.03857637e-01
 1.03165655e-01 1.02476509e-01 1.01790217e-01 1.01106794e-01
 1.00426255e-01 9.97486134e-02 9.90738808e-02 9.84020688e-02
 9.77331874e-02 9.70672455e-02 9.64042512e-02 9.57442113e-02
 9.50871317e-02 9.44330175e-02 9.37818726e-02 9.31337001e-02
 9.24885021e-02 9.18462800e-02 9.12070340e-02 9.05707639e-02
 8.99374682e-02 8.93071448e-02 8.86797910e-02 8.80554029e-02
 8.74339762e-02 8.68155058e-02 8.61999857e-02 8.55874093e-02
 8.49777694e-02 8.43710579e-02 8.37672665e-02 8.31663857e-02
 8.25684057e-02 8.19733160e-02 8.13811057e-02 8.07917630e-02
 8.02052758e-02 7.96216313e-02 7.90408162e-02 7.84628168e-02
 7.78876187e-02 7.73152071e-02 7.67455667e-02 7.61786818e-02
 7.56145362e-02 7.50531132e-02 7.44943956e-02 7.39383661e-02
 7.33850066e-02 7.28342988e-02 7.22862240e-02 7.17407630e-02
 7.11978965e-02 7.06576044e-02 7.01198667e-02 6.95846628e-02
 6.90519718e-02 6.85217725e-02 6.79940433e-02 6.74687624e-02
 6.69459076e-02 6.64254566e-02 6.59073865e-02 6.53916743e-02
 6.48782967e-02 6.43672302e-02 6.38584508e-02 6.33519345e-02
 6.28476570e-02 6.23455936e-02 6.18457194e-02 6.13480094e-02
 6.08524383e-02 6.03589805e-02 5.98676102e-02 5.93783014e-02
 5.88910279e-02 5.84057632e-02 5.79224808e-02 5.74411537e-02
 5.69617548e-02 5.64842571e-02 5.60086328e-02 5.55348545e-02
 5.50628942e-02 5.45927239e-02 5.41243154e-02 5.36576402e-02
 5.31926697e-02 5.27293750e-02 5.22677273e-02 5.18076972e-02
 5.13492555e-02 5.08923725e-02 5.04370186e-02 4.99831639e-02
 4.95307781e-02 4.90798311e-02 4.86302922e-02 4.81821310e-02
 4.77353165e-02 4.72898176e-02 4.68456033e-02 4.64026419e-02
 4.59609019e-02 4.55203516e-02 4.50809588e-02 4.46426915e-02
 4.42055172e-02 4.37694032e-02 4.33343169e-02 4.29002251e-02
 4.24670946e-02 4.20348921e-02 4.16035838e-02 4.11731359e-02
 4.07435143e-02 4.03146846e-02 3.98866123e-02 3.94592626e-02
 3.90326004e-02 3.86065905e-02 3.81811973e-02 3.77563850e-02
 3.73321177e-02 3.69083590e-02 3.64850723e-02 3.60622207e-02
 3.56397672e-02 3.52176744e-02 3.47959044e-02 3.43744193e-02
 3.39531808e-02 3.35321502e-02 3.31112886e-02 3.26905567e-02
 3.22699149e-02 3.18493233e-02 3.14287415e-02 3.10081289e-02
 3.05874444e-02 3.01666467e-02 2.97456940e-02 2.93245440e-02
 2.89031543e-02 2.84814818e-02 2.80594832e-02 2.76371146e-02
 2.72143316e-02 2.67910897e-02 2.63673436e-02 2.59430476e-02
 2.55181557e-02 2.50926211e-02 2.46663968e-02 2.42394351e-02
 2.38116877e-02 2.33831061e-02 2.29536408e-02 2.25232420e-02
 2.20918593e-02 2.16594417e-02 2.12259375e-02 2.07912944e-02
 2.03554595e-02 1.99183793e-02 1.94799995e-02 1.90402652e-02
 1.85991208e-02 1.81565099e-02 1.77123754e-02 1.72666596e-02
 1.68193037e-02 1.63702484e-02 1.59194335e-02 1.54667979e-02
 1.50122797e-02 1.45558162e-02 1.40973437e-02 1.36367977e-02
 1.31741126e-02 1.27092221e-02 1.22420586e-02 1.17725537e-02
 1.13006380e-02 1.08262410e-02 1.03492910e-02 9.86971547e-03
 9.38744050e-03 8.90239113e-03 8.41449123e-03 7.92366342e-03
 7.42982912e-03 6.93290844e-03 6.43282022e-03 5.92948196e-03
 5.42280979e-03 4.91271846e-03 4.39912129e-03 3.88193011e-03
 3.36105528e-03 2.83640562e-03 2.30788836e-03 1.77540915e-03
 1.23887196e-03 6.98179090e-04 1.53231112e-04 3.96073182e-04
 9.49836812e-04 1.50816466e-03 2.07116349e-03 2.63894206e-03]
Percentage of elements having bending strain >= 0.05: 34.61538461538461
Bending strain in %:
[5.77771463e+00 5.80170097e+00 5.82537300e+00 5.84872377e+00
 5.87174639e+00 5.89443405e+00 5.91678002e+00 5.93877764e+00
 5.96042034e+00 5.98170163e+00 6.00261512e+00 6.02315452e+00
 6.04331364e+00 6.06308641e+00 6.08246686e+00 6.10144913e+00
 6.12002749e+00 6.13819635e+00 6.15595023e+00 6.17328378e+00
 6.19019181e+00 6.20666927e+00 6.22271122e+00 6.23831292e+00
 6.25346975e+00 6.26817726e+00 6.28243115e+00 6.29622729e+00
 6.30956172e+00 6.32243065e+00 6.33483045e+00 6.34675768e+00
 6.35820907e+00 6.36918153e+00 6.37967216e+00 6.38967822e+00
 6.39919718e+00 6.40822670e+00 6.41676461e+00 6.42480895e+00
 6.43235793e+00 6.43940998e+00 6.44596370e+00 6.45201789e+00
 6.45757156e+00 6.46262389e+00 6.46717428e+00 6.47122230e+00
 6.47476774e+00 6.47781057e+00 6.48035096e+00 6.48238926e+00
 6.48392604e+00 6.48496202e+00 6.48549815e+00 6.48553555e+00
 6.48507552e+00 6.48411956e+00 6.48266935e+00 6.48072674e+00
 6.47829377e+00 6.47537266e+00 6.47196578e+00 6.46807570e+00
 6.46370515e+00 6.45885701e+00 6.45353434e+00 6.44774036e+00
 6.44147844e+00 6.43475210e+00 6.42756501e+00 6.41992100e+00
 6.41182402e+00 6.40327817e+00 6.39428769e+00 6.38485695e+00
 6.37499042e+00 6.36469274e+00 6.35396863e+00 6.34282294e+00
 6.33126062e+00 6.31928675e+00 6.30690649e+00 6.29412509e+00
 6.28094793e+00 6.26738044e+00 6.25342816e+00 6.23909670e+00
 6.22439173e+00 6.20931904e+00 6.19388443e+00 6.17809379e+00
 6.16195309e+00 6.14546831e+00 6.12864551e+00 6.11149078e+00
 6.09401028e+00 6.07621017e+00 6.05809666e+00 6.03967601e+00
 6.02095446e+00 6.00193831e+00 5.98263386e+00 5.96304744e+00
 5.94318536e+00 5.92305397e+00 5.90265960e+00 5.88200859e+00
 5.86110727e+00 5.83996196e+00 5.81857898e+00 5.79696461e+00
 5.77512516e+00 5.75306686e+00 5.73079596e+00 5.70831867e+00
 5.68564117e+00 5.66276960e+00 5.63971008e+00 5.61646867e+00
 5.59305142e+00 5.56946432e+00 5.54571331e+00 5.52180429e+00
 5.49774311e+00 5.47353557e+00 5.44918742e+00 5.42470435e+00
 5.40009199e+00 5.37535592e+00 5.35050165e+00 5.32553463e+00
 5.30046026e+00 5.27528386e+00 5.25001068e+00 5.22464593e+00
 5.19919472e+00 5.17366210e+00 5.14805307e+00 5.12237253e+00
 5.09662533e+00 5.07081622e+00 5.04494992e+00 5.01903103e+00
 4.99306410e+00 4.96705360e+00 4.94100392e+00 4.91491939e+00
 4.88880425e+00 4.86266266e+00 4.83649870e+00 4.81031641e+00
 4.78411969e+00 4.75791243e+00 4.73169839e+00 4.70548129e+00
 4.67926475e+00 4.65305231e+00 4.62684747e+00 4.60065361e+00
 4.57447407e+00 4.54831208e+00 4.52217083e+00 4.49605340e+00
 4.46996283e+00 4.44390207e+00 4.41787399e+00 4.39188141e+00
 4.36592704e+00 4.34001356e+00 4.31414356e+00 4.28831955e+00
 4.26254399e+00 4.23681927e+00 4.21114769e+00 4.18553150e+00
 4.15997289e+00 4.13447396e+00 4.10903678e+00 4.08366332e+00
 4.05835550e+00 4.03311519e+00 4.00794419e+00 3.98284422e+00
 3.95781697e+00 3.93286405e+00 3.90798702e+00 3.88318738e+00
 3.85846658e+00 3.83382600e+00 3.80926698e+00 3.78479080e+00
 3.76039868e+00 3.73609179e+00 3.71187125e+00 3.68773815e+00
 3.66369349e+00 3.63973825e+00 3.61587336e+00 3.59209968e+00
 3.56841806e+00 3.54482927e+00 3.52133406e+00 3.49793312e+00
 3.47462711e+00 3.45141664e+00 3.42830227e+00 3.40528453e+00
 3.38236393e+00 3.35954089e+00 3.33681585e+00 3.31418917e+00
 3.29166120e+00 3.26923222e+00 3.24690252e+00 3.22467233e+00
 3.20254184e+00 3.18051122e+00 3.15858061e+00 3.13675011e+00
 3.11501979e+00 3.09338970e+00 3.07185985e+00 3.05043022e+00
 3.02910078e+00 3.00787144e+00 2.98674211e+00 2.96571268e+00
 2.94478298e+00 2.92395285e+00 2.90322208e+00 2.88259046e+00
 2.86205774e+00 2.84162366e+00 2.82128791e+00 2.80105020e+00
 2.78091019e+00 2.76086753e+00 2.74092184e+00 2.72107273e+00
 2.70131980e+00 2.68166261e+00 2.66210071e+00 2.64263364e+00
 2.62326093e+00 2.60398206e+00 2.58479653e+00 2.56570381e+00
 2.54670334e+00 2.52779457e+00 2.50897692e+00 2.49024980e+00
 2.47161261e+00 2.45306473e+00 2.43460553e+00 2.41623436e+00
 2.39795058e+00 2.37975350e+00 2.36164245e+00 2.34361674e+00
 2.32567567e+00 2.30781852e+00 2.29004456e+00 2.27235306e+00
 2.25474327e+00 2.23721444e+00 2.21976580e+00 2.20239657e+00
 2.18510597e+00 2.16789321e+00 2.15075749e+00 2.13369798e+00
 2.11671387e+00 2.09980434e+00 2.08296854e+00 2.06620563e+00
 2.04951476e+00 2.03289506e+00 2.01634567e+00 1.99986571e+00
 1.98345430e+00 1.96711055e+00 1.95083356e+00 1.93462243e+00
 1.91847624e+00 1.90239408e+00 1.88637502e+00 1.87041813e+00
 1.85452247e+00 1.83868710e+00 1.82291106e+00 1.80719341e+00
 1.79153317e+00 1.77592937e+00 1.76038103e+00 1.74488719e+00
 1.72944684e+00 1.71405898e+00 1.69872263e+00 1.68343677e+00
 1.66820038e+00 1.65301245e+00 1.63787195e+00 1.62277784e+00
 1.60772909e+00 1.59272466e+00 1.57776349e+00 1.56284451e+00
 1.54796668e+00 1.53312891e+00 1.51833013e+00 1.50356925e+00
 1.48884518e+00 1.47415683e+00 1.45950309e+00 1.44488285e+00
 1.43029498e+00 1.41573837e+00 1.40121187e+00 1.38671435e+00
 1.37224466e+00 1.35780165e+00 1.34338414e+00 1.32899097e+00
 1.31462095e+00 1.30027291e+00 1.28594563e+00 1.27163792e+00
 1.25734857e+00 1.24307634e+00 1.22882001e+00 1.21457834e+00
 1.20035007e+00 1.18613395e+00 1.17192871e+00 1.15773306e+00
 1.14354571e+00 1.12936537e+00 1.11519072e+00 1.10102044e+00
 1.08685319e+00 1.07268763e+00 1.05852241e+00 1.04435614e+00
 1.03018746e+00 1.01601496e+00 1.00183724e+00 9.87652876e-01
 9.73460439e-01 9.59258478e-01 9.45045531e-01 9.30820123e-01
 9.16580762e-01 9.02325942e-01 8.88054140e-01 8.73763820e-01
 8.59453427e-01 8.45121391e-01 8.30766123e-01 8.16386019e-01
 8.01979456e-01 7.87544793e-01 7.73080369e-01 7.58584506e-01
 7.44055504e-01 7.29491646e-01 7.14891190e-01 7.00252378e-01
 6.85573426e-01 6.70852531e-01 6.56087867e-01 6.41277582e-01
 6.26419804e-01 6.11512636e-01 5.96554153e-01 5.81542409e-01
 5.66475429e-01 5.51351213e-01 5.36167732e-01 5.20922931e-01
 5.05614724e-01 4.90240999e-01 4.74799611e-01 4.59288385e-01
 4.43705117e-01 4.28047567e-01 4.12313465e-01 3.96500505e-01
 3.80606349e-01 3.64628621e-01 3.48564910e-01 3.32412769e-01
 3.16169711e-01 2.99833211e-01 2.83400705e-01 2.66869588e-01
 2.50237210e-01 2.33500884e-01 2.16657875e-01 1.99705404e-01
 1.82640647e-01 1.65460732e-01 1.48162740e-01 1.30743702e-01
 1.13200598e-01 9.55303572e-02 7.77298558e-02 5.97959152e-02
 4.17253019e-02 2.35147249e-02 5.16083553e-03 1.33397749e-02
 3.19905762e-02 5.07951005e-02 6.97569442e-02 8.88797695e-02]
Number of function evaluations: 5

Parameters used.
magnetization_density: 300000.0
OPTIMIZATION_SCALE: 1000000.0

---------------------------------------------------------------------------
